	17.0	18.0	19.0	20.0	21.0	22.0	23.0	24.0	25.0	26.0	27.0	28.0	29.0	30.0	31.0	32.0	33.0	34.0	35.0	36.0	37.0
BP009_9_CER_PM021_1_1_R1_subset	4.0	4.0	4.0	12.0	33.0	60.0	113.0	185.0	295.0	458.0	695.0	937.0	1242.0	1559.0	1950.0	2508.0	3494.0	5406.0	11692.0	65747.0	3602.0
	15.0	16.0	17.0	18.0	19.0	20.0	21.0	22.0	23.0	24.0	25.0	26.0	27.0	28.0	29.0	30.0	31.0	32.0	33.0	34.0	35.0	36.0	37.0
BP009_9_CER_PM021_1_1_R2_subset	2.0	2.0	8.0	21.0	22.0	78.0	144.0	195.0	317.0	432.0	615.0	708.0	994.0	1232.0	1445.0	1822.0	2115.0	2811.0	3817.0	5812.0	12998.0	63674.0	736.0
	18.0	19.0	20.0	21.0	22.0	23.0	24.0	25.0	26.0	27.0	28.0	29.0	30.0	31.0	32.0	33.0	34.0	35.0	36.0	37.0
BP036_36_CER_PM018_2_1_R1_subset	6.0	9.0	17.0	33.0	86.0	130.0	203.0	333.0	478.0	739.0	954.0	1256.0	1705.0	2199.0	3033.0	3591.0	5214.0	11193.0	65267.0	3554.0
	15.0	16.0	17.0	18.0	19.0	20.0	21.0	22.0	23.0	24.0	25.0	26.0	27.0	28.0	29.0	30.0	31.0	32.0	33.0	34.0	35.0	36.0	37.0
BP036_36_CER_PM018_2_1_R2_subset	2.0	7.0	16.0	31.0	51.0	75.0	141.0	220.0	311.0	424.0	615.0	736.0	973.0	1184.0	1421.0	1758.0	2188.0	2586.0	3578.0	5475.0	12476.0	65002.0	730.0
	20.0	21.0	22.0	23.0	24.0	25.0	26.0	27.0	28.0	29.0	30.0	31.0	32.0	33.0	34.0	35.0	36.0	37.0
BP066_62_VAG_PM010_1_1_R1_subset	2.0	6.0	12.0	37.0	59.0	121.0	164.0	241.0	392.0	533.0	896.0	1977.0	1617.0	1483.0	2192.0	4973.0	28130.0	1320.0
	14.0	15.0	16.0	17.0	18.0	19.0	20.0	21.0	22.0	23.0	24.0	25.0	26.0	27.0	28.0	29.0	30.0	31.0	32.0	33.0	34.0	35.0	36.0	37.0
BP066_62_VAG_PM010_1_1_R2_subset	1.0	1.0	1.0	1.0	6.0	9.0	17.0	34.0	45.0	78.0	112.0	132.0	222.0	312.0	392.0	511.0	625.0	768.0	1035.0	1542.0	2414.0	5670.0	29885.0	342.0
	18.0	19.0	20.0	21.0	22.0	23.0	24.0	25.0	26.0	27.0	28.0	29.0	30.0	31.0	32.0	33.0	34.0	35.0	36.0	37.0
BP085_78_VAG_PM034_1_1_R1_subset	2.0	4.0	18.0	31.0	73.0	114.0	204.0	359.0	513.0	764.0	1023.0	1355.0	1933.0	3098.0	3759.0	4256.0	6424.0	13349.0	60499.0	2222.0
	14.0	15.0	16.0	17.0	18.0	19.0	20.0	21.0	22.0	23.0	24.0	25.0	26.0	27.0	28.0	29.0	30.0	31.0	32.0	33.0	34.0	35.0	36.0	37.0
BP085_78_VAG_PM034_1_1_R2_subset	1.0	2.0	7.0	13.0	14.0	45.0	55.0	115.0	173.0	252.0	341.0	498.0	590.0	708.0	977.0	1142.0	1471.0	1929.0	2573.0	3443.0	5521.0	12549.0	66727.0	854.0
	17.0	18.0	19.0	20.0	21.0	22.0	23.0	24.0	25.0	26.0	27.0	28.0	29.0	30.0	31.0	32.0	33.0	34.0	35.0	36.0	37.0
BP087_80_VAG_PM036_1_1_R1_subset	1.0	5.0	5.0	20.0	33.0	66.0	144.0	225.0	368.0	560.0	839.0	1163.0	1506.0	1986.0	2483.0	3286.0	4482.0	6886.0	15401.0	58871.0	1670.0
	15.0	16.0	17.0	18.0	19.0	20.0	21.0	22.0	23.0	24.0	25.0	26.0	27.0	28.0	29.0	30.0	31.0	32.0	33.0	34.0	35.0	36.0	37.0
BP087_80_VAG_PM036_1_1_R2_subset	1.0	6.0	8.0	21.0	33.0	67.0	117.0	179.0	218.0	336.0	457.0	596.0	712.0	893.0	1123.0	1326.0	1715.0	2209.0	3110.0	4949.0	11597.0	69171.0	1156.0
	18.0	19.0	20.0	21.0	22.0	23.0	24.0	25.0	26.0	27.0	28.0	29.0	30.0	31.0	32.0	33.0	34.0	35.0	36.0	37.0
BP093_83_VAG_PM040_1_1_R1_subset	3.0	9.0	25.0	28.0	61.0	109.0	174.0	297.0	435.0	666.0	884.0	1205.0	1582.0	2074.0	2632.0	3661.0	5630.0	12337.0	65120.0	3068.0
	15.0	16.0	17.0	18.0	19.0	20.0	21.0	22.0	23.0	24.0	25.0	26.0	27.0	28.0	29.0	30.0	31.0	32.0	33.0	34.0	35.0	36.0	37.0
BP093_83_VAG_PM040_1_1_R2_subset	2.0	5.0	12.0	22.0	32.0	53.0	120.0	169.0	285.0	441.0	609.0	821.0	1028.0	1232.0	1580.0	1856.0	2308.0	2906.0	3899.0	6135.0	14016.0	61900.0	569.0
	16.0	17.0	18.0	19.0	20.0	21.0	22.0	23.0	24.0	25.0	26.0	27.0	28.0	29.0	30.0	31.0	32.0	33.0	34.0	35.0	36.0	37.0
BP130_114_VAG_PM042_2_1_R1_subset	2.0	0.0	4.0	12.0	22.0	34.0	63.0	116.0	185.0	352.0	496.0	687.0	1038.0	1344.0	1974.0	3059.0	3142.0	3652.0	5529.0	11999.0	63254.0	3036.0
	14.0	15.0	16.0	17.0	18.0	19.0	20.0	21.0	22.0	23.0	24.0	25.0	26.0	27.0	28.0	29.0	30.0	31.0	32.0	33.0	34.0	35.0	36.0	37.0
BP130_114_VAG_PM042_2_1_R2_subset	1.0	1.0	5.0	19.0	30.0	51.0	84.0	118.0	177.0	289.0	413.0	565.0	774.0	987.0	1186.0	1414.0	1771.0	2057.0	2607.0	3534.0	5678.0	12468.0	65012.0	759.0
	18.0	19.0	20.0	21.0	22.0	23.0	24.0	25.0	26.0	27.0	28.0	29.0	30.0	31.0	32.0	33.0	34.0	35.0	36.0	37.0
BP143_125_RCT_PM017_1_1_R1_subset	1.0	1.0	3.0	8.0	9.0	15.0	24.0	47.0	73.0	113.0	152.0	199.0	298.0	379.0	522.0	742.0	1140.0	2597.0	19637.0	1195.0
	14.0	15.0	16.0	17.0	18.0	19.0	20.0	21.0	22.0	23.0	24.0	25.0	26.0	27.0	28.0	29.0	30.0	31.0	32.0	33.0	34.0	35.0	36.0	37.0
BP143_125_RCT_PM017_1_1_R2_subset	1.0	0.0	0.0	1.0	6.0	6.0	7.0	21.0	30.0	44.0	63.0	85.0	115.0	172.0	190.0	266.0	355.0	425.0	520.0	726.0	1233.0	3201.0	19465.0	223.0
	20.0	21.0	22.0	23.0	24.0	25.0	26.0	27.0	28.0	29.0	30.0	31.0	32.0	33.0	34.0	35.0	36.0	37.0
BP153_135_RCT_PM030_1_1_R1_subset	2.0	3.0	8.0	11.0	27.0	48.0	102.0	174.0	269.0	379.0	529.0	946.0	1178.0	1255.0	1901.0	4287.0	30388.0	1648.0
	16.0	17.0	18.0	19.0	20.0	21.0	22.0	23.0	24.0	25.0	26.0	27.0	28.0	29.0	30.0	31.0	32.0	33.0	34.0	35.0	36.0	37.0
BP153_135_RCT_PM030_1_1_R2_subset	4.0	5.0	2.0	5.0	15.0	17.0	22.0	44.0	78.0	105.0	164.0	215.0	324.0	387.0	518.0	621.0	873.0	1269.0	2085.0	4988.0	31058.0	356.0
	19.0	20.0	21.0	22.0	23.0	24.0	25.0	26.0	27.0	28.0	29.0	30.0	31.0	32.0	33.0	34.0	35.0	36.0	37.0
BP155_137_RCT_PM033_1_1_R1_subset	2.0	5.0	7.0	17.0	27.0	57.0	74.0	114.0	166.0	306.0	415.0	529.0	761.0	940.0	1363.0	2109.0	4754.0	21341.0	798.0
	16.0	17.0	18.0	19.0	20.0	21.0	22.0	23.0	24.0	25.0	26.0	27.0	28.0	29.0	30.0	31.0	32.0	33.0	34.0	35.0	36.0	37.0
BP155_137_RCT_PM033_1_1_R2_subset	2.0	4.0	4.0	7.0	16.0	21.0	40.0	77.0	92.0	170.0	224.0	319.0	427.0	580.0	650.0	829.0	1091.0	1450.0	2241.0	5143.0	20207.0	191.0
	18.0	19.0	20.0	21.0	22.0	23.0	24.0	25.0	26.0	27.0	28.0	29.0	30.0	31.0	32.0	33.0	34.0	35.0	36.0	37.0
BP161_143_RCT_PM040_1_1_R1_subset	5.0	8.0	11.0	29.0	51.0	106.0	177.0	269.0	431.0	634.0	864.0	1195.0	1603.0	1964.0	2709.0	3603.0	5459.0	12239.0	65328.0	3315.0
	15.0	16.0	17.0	18.0	19.0	20.0	21.0	22.0	23.0	24.0	25.0	26.0	27.0	28.0	29.0	30.0	31.0	32.0	33.0	34.0	35.0	36.0	37.0
BP161_143_RCT_PM040_1_1_R2_subset	1.0	7.0	14.0	19.0	40.0	45.0	88.0	140.0	219.0	337.0	500.0	673.0	859.0	1064.0	1383.0	1652.0	2159.0	2648.0	3715.0	5901.0	13715.0	64153.0	668.0
	23.0	24.0	25.0	26.0	27.0	28.0	29.0	30.0	31.0	32.0	33.0	34.0	35.0	36.0	37.0
BP162_144_RCT_PM042_1_1_R1_subset	1.0	0.0	1.0	1.0	2.0	3.0	5.0	9.0	20.0	19.0	9.0	16.0	18.0	152.0	9.0
	20.0	21.0	22.0	23.0	24.0	25.0	26.0	27.0	28.0	29.0	30.0	31.0	32.0	33.0	34.0	35.0	36.0	37.0
BP162_144_RCT_PM042_1_1_R2_subset	1.0	0.0	1.0	1.0	1.0	1.0	0.0	1.0	3.0	7.0	4.0	5.0	2.0	12.0	12.0	37.0	173.0	4.0
	16.0	17.0	18.0	19.0	20.0	21.0	22.0	23.0	24.0	25.0	26.0	27.0	28.0	29.0	30.0	31.0	32.0	33.0	34.0	35.0	36.0	37.0
BP164_146_RCT_PM044_1_1_R1_subset	1.0	4.0	3.0	15.0	26.0	48.0	97.0	147.0	253.0	398.0	592.0	834.0	1110.0	1511.0	2111.0	3530.0	4391.0	4510.0	6502.0	13695.0	58101.0	2121.0
	15.0	16.0	17.0	18.0	19.0	20.0	21.0	22.0	23.0	24.0	25.0	26.0	27.0	28.0	29.0	30.0	31.0	32.0	33.0	34.0	35.0	36.0	37.0
BP164_146_RCT_PM044_1_1_R2_subset	1.0	8.0	12.0	28.0	43.0	74.0	133.0	207.0	327.0	404.0	531.0	720.0	952.0	1152.0	1442.0	1817.0	2290.0	2977.0	4047.0	6442.0	14462.0	61333.0	598.0
	17.0	18.0	19.0	20.0	21.0	22.0	23.0	24.0	25.0	26.0	27.0	28.0	29.0	30.0	31.0	32.0	33.0	34.0	35.0	36.0	37.0
BP167_149_RCT_PM048_1_1_R1_subset	1.0	2.0	16.0	14.0	37.0	87.0	123.0	231.0	335.0	535.0	690.0	998.0	1352.0	1779.0	2627.0	3257.0	3774.0	5253.0	11321.0	64358.0	3210.0
	14.0	15.0	16.0	17.0	18.0	19.0	20.0	21.0	22.0	23.0	24.0	25.0	26.0	27.0	28.0	29.0	30.0	31.0	32.0	33.0	34.0	35.0	36.0	37.0
BP167_149_RCT_PM048_1_1_R2_subset	1.0	2.0	7.0	16.0	23.0	42.0	71.0	113.0	181.0	290.0	438.0	552.0	738.0	981.0	1112.0	1343.0	1791.0	2012.0	2670.0	3641.0	5671.0	13063.0	64508.0	734.0
	33.0	34.0	35.0	36.0
BP177_159_RCT_PM021_2_1_R1_subset	1.0	0.0	0.0	5.0
	35.0	36.0
BP177_159_RCT_PM021_2_1_R2_subset	1.0	5.0
	31.0	32.0	33.0	34.0
BP180_162_RCT_PM026_2_1_R1_subset	1.0	1.0	0.0	1.0
	34.0	35.0	36.0
BP180_162_RCT_PM026_2_1_R2_subset	1.0	1.0	1.0
	18.0	19.0	20.0	21.0	22.0	23.0	24.0	25.0	26.0	27.0	28.0	29.0	30.0	31.0	32.0	33.0	34.0	35.0	36.0	37.0
BP181_163_RCT_PM028_2_1_R1_subset	3.0	1.0	5.0	15.0	20.0	48.0	98.0	167.0	309.0	440.0	645.0	918.0	1362.0	2161.0	2786.0	3277.0	4875.0	11405.0	68233.0	3232.0
	16.0	17.0	18.0	19.0	20.0	21.0	22.0	23.0	24.0	25.0	26.0	27.0	28.0	29.0	30.0	31.0	32.0	33.0	34.0	35.0	36.0	37.0
BP181_163_RCT_PM028_2_1_R2_subset	1.0	5.0	8.0	11.0	24.0	45.0	55.0	114.0	161.0	277.0	385.0	541.0	718.0	982.0	1147.0	1625.0	2181.0	3062.0	5115.0	12571.0	70162.0	810.0
	17.0	18.0	19.0	20.0	21.0	22.0	23.0	24.0	25.0	26.0	27.0	28.0	29.0	30.0	31.0	32.0	33.0	34.0	35.0	36.0	37.0
BP186_167_RCT_PM034_2_1_R1_subset	1.0	1.0	2.0	1.0	8.0	11.0	18.0	46.0	66.0	109.0	142.0	213.0	243.0	347.0	502.0	694.0	756.0	1195.0	2711.0	19332.0	1126.0
	16.0	17.0	18.0	19.0	20.0	21.0	22.0	23.0	24.0	25.0	26.0	27.0	28.0	29.0	30.0	31.0	32.0	33.0	34.0	35.0	36.0	37.0
BP186_167_RCT_PM034_2_1_R2_subset	1.0	4.0	4.0	9.0	9.0	30.0	35.0	60.0	85.0	75.0	136.0	194.0	226.0	257.0	301.0	378.0	557.0	792.0	1167.0	2950.0	19944.0	310.0
	18.0	19.0	20.0	21.0	22.0	23.0	24.0	25.0	26.0	27.0	28.0	29.0	30.0	31.0	32.0	33.0	34.0	35.0	36.0	37.0
BP202_182_RCT_M010_V1_1_R1_subset	1.0	0.0	0.0	5.0	10.0	19.0	63.0	111.0	169.0	297.0	419.0	595.0	817.0	1050.0	1468.0	2047.0	3228.0	7832.0	49514.0	2429.0
	16.0	17.0	18.0	19.0	20.0	21.0	22.0	23.0	24.0	25.0	26.0	27.0	28.0	29.0	30.0	31.0	32.0	33.0	34.0	35.0	36.0	37.0
BP202_182_RCT_M010_V1_1_R2_subset	3.0	5.0	6.0	12.0	17.0	44.0	55.0	105.0	150.0	215.0	304.0	398.0	548.0	618.0	862.0	1093.0	1403.0	2120.0	3513.0	8863.0	49110.0	630.0
	19.0	20.0	21.0	22.0	23.0	24.0	25.0	26.0	27.0	28.0	29.0	30.0	31.0	32.0	33.0	34.0	35.0	36.0	37.0
BP204_184_RCT_M013_V1_1_R1_subset	1.0	0.0	4.0	12.0	34.0	70.0	131.0	230.0	380.0	585.0	741.0	1131.0	1349.0	1972.0	2741.0	4626.0	10791.0	71419.0	3783.0
	15.0	16.0	17.0	18.0	19.0	20.0	21.0	22.0	23.0	24.0	25.0	26.0	27.0	28.0	29.0	30.0	31.0	32.0	33.0	34.0	35.0	36.0	37.0
BP204_184_RCT_M013_V1_1_R2_subset	2.0	7.0	8.0	11.0	10.0	27.0	54.0	87.0	123.0	188.0	305.0	413.0	552.0	803.0	988.0	1238.0	1604.0	2158.0	3077.0	5049.0	12170.0	70342.0	784.0
	19.0	20.0	21.0	22.0	23.0	24.0	25.0	26.0	27.0	28.0	29.0	30.0	31.0	32.0	33.0	34.0	35.0	36.0	37.0
BP207_187_RCT_M026_V1_1_R1_subset	2.0	2.0	5.0	20.0	47.0	82.0	148.0	252.0	436.0	640.0	847.0	1292.0	2172.0	2857.0	3288.0	4802.0	11137.0	68650.0	3321.0
	16.0	17.0	18.0	19.0	20.0	21.0	22.0	23.0	24.0	25.0	26.0	27.0	28.0	29.0	30.0	31.0	32.0	33.0	34.0	35.0	36.0	37.0
BP207_187_RCT_M026_V1_1_R2_subset	4.0	3.0	6.0	9.0	15.0	28.0	67.0	86.0	133.0	281.0	379.0	508.0	653.0	938.0	1283.0	1487.0	2153.0	2958.0	5197.0	12561.0	70475.0	776.0
	19.0	20.0	21.0	22.0	23.0	24.0	25.0	26.0	27.0	28.0	29.0	30.0	31.0	32.0	33.0	34.0	35.0	36.0	37.0
BP213_193_RCT_M040_V1_1_R1_subset	2.0	7.0	11.0	18.0	61.0	91.0	177.0	271.0	438.0	634.0	826.0	1188.0	1548.0	2012.0	2898.0	4635.0	10952.0	70496.0	3735.0
	16.0	17.0	18.0	19.0	20.0	21.0	22.0	23.0	24.0	25.0	26.0	27.0	28.0	29.0	30.0	31.0	32.0	33.0	34.0	35.0	36.0	37.0
BP213_193_RCT_M040_V1_1_R2_subset	2.0	3.0	8.0	16.0	10.0	32.0	84.0	126.0	214.0	288.0	396.0	584.0	744.0	987.0	1157.0	1624.0	2097.0	2862.0	4811.0	11680.0	71266.0	1009.0
	18.0	19.0	20.0	21.0	22.0	23.0	24.0	25.0	26.0	27.0	28.0	29.0	30.0	31.0	32.0	33.0	34.0	35.0	36.0	37.0
BP220_200_RCT_M048_T1_1_R1_subset	1.0	0.0	3.0	11.0	16.0	26.0	45.0	98.0	131.0	188.0	303.0	402.0	560.0	810.0	1167.0	1203.0	1800.0	4073.0	35805.0	2579.0
	14.0	15.0	16.0	17.0	18.0	19.0	20.0	21.0	22.0	23.0	24.0	25.0	26.0	27.0	28.0	29.0	30.0	31.0	32.0	33.0	34.0	35.0	36.0	37.0
BP220_200_RCT_M048_T1_1_R2_subset	1.0	1.0	2.0	1.0	7.0	11.0	22.0	26.0	45.0	74.0	90.0	133.0	205.0	270.0	315.0	410.0	511.0	707.0	926.0	1240.0	2014.0	4983.0	36668.0	559.0
	19.0	20.0	21.0	22.0	23.0	24.0	25.0	26.0	27.0	28.0	29.0	30.0	31.0	32.0	33.0	34.0	35.0	36.0	37.0
BP221_201_RCT_M049_T1_1_R1_subset	5.0	0.0	4.0	18.0	39.0	57.0	150.0	192.0	309.0	474.0	667.0	869.0	1194.0	1554.0	2132.0	3389.0	8264.0	50881.0	2336.0
	15.0	16.0	17.0	18.0	19.0	20.0	21.0	22.0	23.0	24.0	25.0	26.0	27.0	28.0	29.0	30.0	31.0	32.0	33.0	34.0	35.0	36.0	37.0
BP221_201_RCT_M049_T1_1_R2_subset	1.0	5.0	4.0	8.0	11.0	29.0	29.0	71.0	88.0	128.0	180.0	266.0	387.0	436.0	633.0	772.0	1063.0	1393.0	1966.0	3182.0	7975.0	53026.0	881.0
	19.0	20.0	21.0	22.0	23.0	24.0	25.0	26.0	27.0	28.0	29.0	30.0	31.0	32.0	33.0	34.0	35.0	36.0	37.0
BP230_210_RCT_M060_T1_1_R1_subset	2.0	6.0	12.0	29.0	50.0	119.0	204.0	301.0	437.0	699.0	914.0	1280.0	1703.0	2447.0	3540.0	5886.0	13718.0	66284.0	2369.0
	15.0	16.0	17.0	18.0	19.0	20.0	21.0	22.0	23.0	24.0	25.0	26.0	27.0	28.0	29.0	30.0	31.0	32.0	33.0	34.0	35.0	36.0	37.0
BP230_210_RCT_M060_T1_1_R2_subset	2.0	2.0	6.0	13.0	30.0	28.0	40.0	71.0	95.0	134.0	210.0	289.0	369.0	517.0	746.0	1015.0	1344.0	1868.0	2880.0	4784.0	12343.0	71999.0	1215.0
	18.0	19.0	20.0	21.0	22.0	23.0	24.0	25.0	26.0	27.0	28.0	29.0	30.0	31.0	32.0	33.0	34.0	35.0	36.0	37.0
BP239_218_RCT_M073_T1_1_R1_subset	1.0	2.0	10.0	22.0	41.0	79.0	137.0	246.0	354.0	505.0	752.0	1035.0	1415.0	2183.0	2940.0	3296.0	4872.0	11264.0	66951.0	3325.0
	15.0	16.0	17.0	18.0	19.0	20.0	21.0	22.0	23.0	24.0	25.0	26.0	27.0	28.0	29.0	30.0	31.0	32.0	33.0	34.0	35.0	36.0	37.0
BP239_218_RCT_M073_T1_1_R2_subset	3.0	5.0	8.0	13.0	18.0	39.0	51.0	96.0	133.0	209.0	274.0	442.0	585.0	794.0	996.0	1241.0	1616.0	2151.0	3023.0	4953.0	12222.0	69686.0	872.0
	17.0	18.0	19.0	20.0	21.0	22.0	23.0	24.0	25.0	26.0	27.0	28.0	29.0	30.0	31.0	32.0	33.0	34.0	35.0	36.0	37.0
BP243_222_RCT_M077_T1_1_R1_subset	1.0	0.0	1.0	4.0	14.0	17.0	24.0	96.0	126.0	263.0	355.0	603.0	811.0	1113.0	1421.0	2025.0	2888.0	4913.0	11949.0	63555.0	2471.0
	15.0	16.0	17.0	18.0	19.0	20.0	21.0	22.0	23.0	24.0	25.0	26.0	27.0	28.0	29.0	30.0	31.0	32.0	33.0	34.0	35.0	36.0	37.0
BP243_222_RCT_M077_T1_1_R2_subset	1.0	3.0	8.0	2.0	10.0	24.0	38.0	57.0	96.0	169.0	242.0	293.0	450.0	577.0	741.0	1011.0	1361.0	1719.0	2549.0	4324.0	11012.0	66988.0	975.0
	18.0	19.0	20.0	21.0	22.0	23.0	24.0	25.0	26.0	27.0	28.0	29.0	30.0	31.0	32.0	33.0	34.0	35.0	36.0	37.0
BP247_226_RCT_M006_V2_1_R1_subset	1.0	2.0	5.0	13.0	35.0	57.0	116.0	197.0	289.0	478.0	673.0	939.0	1167.0	1523.0	2144.0	3054.0	4869.0	11160.0	69636.0	3642.0
	15.0	16.0	17.0	18.0	19.0	20.0	21.0	22.0	23.0	24.0	25.0	26.0	27.0	28.0	29.0	30.0	31.0	32.0	33.0	34.0	35.0	36.0	37.0
BP247_226_RCT_M006_V2_1_R2_subset	2.0	2.0	8.0	17.0	19.0	27.0	73.0	99.0	149.0	225.0	299.0	452.0	563.0	821.0	920.0	1266.0	1599.0	2075.0	2886.0	4932.0	12339.0	70298.0	929.0
	18.0	19.0	20.0	21.0	22.0	23.0	24.0	25.0	26.0	27.0	28.0	29.0	30.0	31.0	32.0	33.0	34.0	35.0	36.0	37.0
BP250_229_RCT_M013_T2_1_R1_subset	1.0	9.0	4.0	20.0	35.0	69.0	121.0	190.0	341.0	570.0	733.0	1040.0	1886.0	4670.0	4883.0	3300.0	4228.0	9593.0	64623.0	3684.0
	15.0	16.0	17.0	18.0	19.0	20.0	21.0	22.0	23.0	24.0	25.0	26.0	27.0	28.0	29.0	30.0	31.0	32.0	33.0	34.0	35.0	36.0	37.0
BP250_229_RCT_M013_T2_1_R2_subset	2.0	2.0	7.0	12.0	22.0	34.0	37.0	93.0	112.0	206.0	296.0	385.0	530.0	647.0	880.0	1131.0	1468.0	1874.0	2780.0	4558.0	11785.0	72180.0	959.0
	18.0	19.0	20.0	21.0	22.0	23.0	24.0	25.0	26.0	27.0	28.0	29.0	30.0	31.0	32.0	33.0	34.0	35.0	36.0	37.0
BP276_254_RCT_M062_T2_1_R1_subset	5.0	4.0	7.0	24.0	47.0	83.0	159.0	241.0	367.0	508.0	750.0	1055.0	1428.0	2200.0	2669.0	2986.0	4043.0	9467.0	69899.0	4058.0
	16.0	17.0	18.0	19.0	20.0	21.0	22.0	23.0	24.0	25.0	26.0	27.0	28.0	29.0	30.0	31.0	32.0	33.0	34.0	35.0	36.0	37.0
BP276_254_RCT_M062_T2_1_R2_subset	4.0	8.0	20.0	20.0	38.0	78.0	125.0	187.0	229.0	312.0	434.0	577.0	781.0	881.0	1175.0	1454.0	1953.0	2611.0	4372.0	11546.0	72166.0	1029.0
	18.0	19.0	20.0	21.0	22.0	23.0	24.0	25.0	26.0	27.0	28.0	29.0	30.0	31.0	32.0	33.0	34.0	35.0	36.0	37.0
BP277_255_RCT_M064_T2_1_R1_subset	2.0	0.0	3.0	4.0	12.0	25.0	60.0	113.0	212.0	308.0	426.0	657.0	848.0	1176.0	1543.0	2251.0	3756.0	8659.0	50807.0	2368.0
	15.0	16.0	17.0	18.0	19.0	20.0	21.0	22.0	23.0	24.0	25.0	26.0	27.0	28.0	29.0	30.0	31.0	32.0	33.0	34.0	35.0	36.0	37.0
BP277_255_RCT_M064_T2_1_R2_subset	1.0	4.0	4.0	5.0	11.0	18.0	31.0	57.0	93.0	149.0	242.0	349.0	466.0	620.0	744.0	1020.0	1392.0	1813.0	2590.0	4322.0	10427.0	48423.0	449.0
	19.0	20.0	21.0	22.0	23.0	24.0	25.0	26.0	27.0	28.0	29.0	30.0	31.0	32.0	33.0	34.0	35.0	36.0	37.0
BP285_263_RCT_M080_T2_1_R1_subset	3.0	10.0	21.0	30.0	72.0	137.0	235.0	357.0	468.0	745.0	939.0	1226.0	1807.0	2187.0	2858.0	4560.0	10585.0	70159.0	3601.0
	15.0	16.0	17.0	18.0	19.0	20.0	21.0	22.0	23.0	24.0	25.0	26.0	27.0	28.0	29.0	30.0	31.0	32.0	33.0	34.0	35.0	36.0	37.0
BP285_263_RCT_M080_T2_1_R2_subset	2.0	9.0	12.0	12.0	21.0	49.0	70.0	145.0	162.0	252.0	354.0	477.0	622.0	792.0	1025.0	1263.0	1643.0	2064.0	2915.0	4789.0	11636.0	70711.0	975.0
	18.0	19.0	20.0	21.0	22.0	23.0	24.0	25.0	26.0	27.0	28.0	29.0	30.0	31.0	32.0	33.0	34.0	35.0	36.0	37.0
BP288_266_RCT_M010_V3_1_R1_subset	1.0	1.0	4.0	12.0	30.0	49.0	119.0	166.0	283.0	471.0	687.0	893.0	1542.0	3033.0	3497.0	3210.0	4982.0	11517.0	66393.0	3110.0
	16.0	17.0	18.0	19.0	20.0	21.0	22.0	23.0	24.0	25.0	26.0	27.0	28.0	29.0	30.0	31.0	32.0	33.0	34.0	35.0	36.0	37.0
BP288_266_RCT_M010_V3_1_R2_subset	1.0	4.0	7.0	11.0	20.0	29.0	59.0	111.0	163.0	230.0	364.0	468.0	621.0	840.0	1063.0	1464.0	1983.0	3019.0	5174.0	13206.0	70359.0	804.0
	19.0	20.0	21.0	22.0	23.0	24.0	25.0	26.0	27.0	28.0	29.0	30.0	31.0	32.0	33.0	34.0	35.0	36.0	37.0
BP293_271_RCT_M026_V3_1_R1_subset	4.0	1.0	3.0	12.0	28.0	63.0	115.0	174.0	338.0	491.0	648.0	940.0	1277.0	1790.0	2488.0	4243.0	10063.0	58454.0	2628.0
	15.0	16.0	17.0	18.0	19.0	20.0	21.0	22.0	23.0	24.0	25.0	26.0	27.0	28.0	29.0	30.0	31.0	32.0	33.0	34.0	35.0	36.0	37.0
BP293_271_RCT_M026_V3_1_R2_subset	1.0	2.0	6.0	4.0	5.0	11.0	25.0	31.0	91.0	134.0	220.0	314.0	498.0	630.0	816.0	1057.0	1392.0	1825.0	2699.0	4487.0	10688.0	58112.0	712.0
	18.0	19.0	20.0	21.0	22.0	23.0	24.0	25.0	26.0	27.0	28.0	29.0	30.0	31.0	32.0	33.0	34.0	35.0	36.0	37.0
BP294_272_RCT_M027_T3_1_R1_subset	2.0	0.0	1.0	4.0	23.0	63.0	102.0	181.0	315.0	468.0	743.0	1216.0	2093.0	2754.0	2919.0	3550.0	5605.0	12730.0	54631.0	1826.0
	16.0	17.0	18.0	19.0	20.0	21.0	22.0	23.0	24.0	25.0	26.0	27.0	28.0	29.0	30.0	31.0	32.0	33.0	34.0	35.0	36.0	37.0
BP294_272_RCT_M027_T3_1_R2_subset	3.0	5.0	6.0	9.0	30.0	34.0	71.0	101.0	182.0	270.0	432.0	582.0	823.0	1112.0	1418.0	1859.0	2488.0	3524.0	5681.0	13363.0	56640.0	593.0
	18.0	19.0	20.0	21.0	22.0	23.0	24.0	25.0	26.0	27.0	28.0	29.0	30.0	31.0	32.0	33.0	34.0	35.0	36.0	37.0
BP300_278_RCT_M041_V3_1_R1_subset	2.0	5.0	8.0	26.0	40.0	78.0	111.0	156.0	218.0	341.0	429.0	592.0	701.0	885.0	1157.0	1600.0	2349.0	5108.0	37492.0	2673.0
	16.0	17.0	18.0	19.0	20.0	21.0	22.0	23.0	24.0	25.0	26.0	27.0	28.0	29.0	30.0	31.0	32.0	33.0	34.0	35.0	36.0	37.0
BP300_278_RCT_M041_V3_1_R2_subset	4.0	13.0	11.0	17.0	46.0	72.0	113.0	140.0	215.0	285.0	334.0	366.0	493.0	605.0	733.0	891.0	1167.0	1512.0	2391.0	5859.0	38097.0	607.0
	20.0	21.0	22.0	23.0	24.0	25.0	26.0	27.0	28.0	29.0	30.0	31.0	32.0	33.0	34.0	35.0	36.0	37.0
BP309_287_REC_M050_T3_1_R1_subset	2.0	6.0	21.0	38.0	63.0	144.0	222.0	376.0	551.0	744.0	1043.0	1421.0	1975.0	2776.0	4882.0	11804.0	70457.0	3475.0
	15.0	16.0	17.0	18.0	19.0	20.0	21.0	22.0	23.0	24.0	25.0	26.0	27.0	28.0	29.0	30.0	31.0	32.0	33.0	34.0	35.0	36.0	37.0
BP309_287_REC_M050_T3_1_R2_subset	1.0	1.0	6.0	14.0	17.0	17.0	29.0	56.0	93.0	159.0	231.0	354.0	510.0	685.0	876.0	1110.0	1535.0	2108.0	3044.0	5079.0	13066.0	70190.0	819.0
	19.0	20.0	21.0	22.0	23.0	24.0	25.0	26.0	27.0	28.0	29.0	30.0	31.0	32.0	33.0	34.0	35.0	36.0	37.0
BP311_289_RCT_M054_T3_1_R1_subset	1.0	6.0	10.0	38.0	49.0	96.0	208.0	279.0	454.0	627.0	868.0	1192.0	1620.0	2153.0	2826.0	4488.0	10656.0	70862.0	3567.0
	16.0	17.0	18.0	19.0	20.0	21.0	22.0	23.0	24.0	25.0	26.0	27.0	28.0	29.0	30.0	31.0	32.0	33.0	34.0	35.0	36.0	37.0
BP311_289_RCT_M054_T3_1_R2_subset	4.0	6.0	13.0	17.0	26.0	54.0	97.0	141.0	230.0	298.0	448.0	623.0	790.0	1034.0	1221.0	1612.0	2078.0	2978.0	5090.0	12420.0	70059.0	761.0
	18.0	19.0	20.0	21.0	22.0	23.0	24.0	25.0	26.0	27.0	28.0	29.0	30.0	31.0	32.0	33.0	34.0	35.0	36.0	37.0
BP317_294_RCT_M059_T3_1_R1_subset	1.0	2.0	4.0	15.0	13.0	40.0	94.0	160.0	242.0	394.0	573.0	792.0	1085.0	1395.0	1915.0	2816.0	4430.0	10682.0	71534.0	3813.0
	16.0	17.0	18.0	19.0	20.0	21.0	22.0	23.0	24.0	25.0	26.0	27.0	28.0	29.0	30.0	31.0	32.0	33.0	34.0	35.0	36.0	37.0
BP317_294_RCT_M059_T3_1_R2_subset	2.0	6.0	12.0	12.0	23.0	48.0	70.0	119.0	165.0	280.0	372.0	535.0	730.0	910.0	1266.0	1531.0	2024.0	2921.0	4884.0	12254.0	71004.0	832.0
	19.0	20.0	21.0	22.0	23.0	24.0	25.0	26.0	27.0	28.0	29.0	30.0	31.0	32.0	33.0	34.0	35.0	36.0	37.0
BP319_296_RCT_M061_T3_1_R1_subset	3.0	6.0	12.0	31.0	62.0	108.0	199.0	348.0	478.0	690.0	879.0	1332.0	2516.0	3184.0	2981.0	4164.0	9589.0	69371.0	4047.0
	15.0	16.0	17.0	18.0	19.0	20.0	21.0	22.0	23.0	24.0	25.0	26.0	27.0	28.0	29.0	30.0	31.0	32.0	33.0	34.0	35.0	36.0	37.0
BP319_296_RCT_M061_T3_1_R2_subset	1.0	1.0	3.0	14.0	16.0	22.0	55.0	78.0	123.0	209.0	283.0	434.0	555.0	763.0	952.0	1220.0	1423.0	1934.0	2605.0	4534.0	11431.0	72380.0	964.0
	18.0	19.0	20.0	21.0	22.0	23.0	24.0	25.0	26.0	27.0	28.0	29.0	30.0	31.0	32.0	33.0	34.0	35.0	36.0	37.0
BP320_297_RECT_M062_T3_1_R1_subset	1.0	1.0	5.0	3.0	18.0	32.0	99.0	143.0	270.0	403.0	622.0	855.0	1189.0	1573.0	2151.0	3074.0	5061.0	11804.0	69409.0	3287.0
	16.0	17.0	18.0	19.0	20.0	21.0	22.0	23.0	24.0	25.0	26.0	27.0	28.0	29.0	30.0	31.0	32.0	33.0	34.0	35.0	36.0	37.0
BP320_297_RECT_M062_T3_1_R2_subset	6.0	6.0	14.0	15.0	29.0	55.0	79.0	111.0	182.0	265.0	368.0	555.0	726.0	958.0	1203.0	1582.0	2058.0	2979.0	5182.0	12324.0	70426.0	877.0
	19.0	20.0	21.0	22.0	23.0	24.0	25.0	26.0	27.0	28.0	29.0	30.0	31.0	32.0	33.0	34.0	35.0	36.0	37.0
BP323_300_RCT_M068_T3_1_R1_subset	1.0	1.0	7.0	17.0	49.0	96.0	164.0	249.0	438.0	619.0	748.0	1090.0	1456.0	1924.0	2586.0	4234.0	10290.0	71986.0	4045.0
	16.0	17.0	18.0	19.0	20.0	21.0	22.0	23.0	24.0	25.0	26.0	27.0	28.0	29.0	30.0	31.0	32.0	33.0	34.0	35.0	36.0	37.0
BP323_300_RCT_M068_T3_1_R2_subset	3.0	4.0	9.0	9.0	24.0	25.0	78.0	106.0	147.0	220.0	351.0	416.0	589.0	774.0	997.0	1320.0	1673.0	2481.0	4193.0	11200.0	74191.0	1190.0
	18.0	19.0	20.0	21.0	22.0	23.0	24.0	25.0	26.0	27.0	28.0	29.0	30.0	31.0	32.0	33.0	34.0	35.0	36.0	37.0
BP324_301_RCT_M071_T3_1_R1_subset	1.0	2.0	3.0	8.0	21.0	35.0	101.0	161.0	300.0	498.0	704.0	1065.0	1442.0	2041.0	2831.0	4342.0	7529.0	17453.0	60153.0	1310.0
	15.0	16.0	17.0	18.0	19.0	20.0	21.0	22.0	23.0	24.0	25.0	26.0	27.0	28.0	29.0	30.0	31.0	32.0	33.0	34.0	35.0	36.0	37.0
BP324_301_RCT_M071_T3_1_R2_subset	2.0	5.0	4.0	12.0	11.0	18.0	25.0	51.0	62.0	90.0	103.0	159.0	249.0	323.0	553.0	756.0	994.0	1514.0	2326.0	4233.0	11199.0	76238.0	1073.0
	17.0	18.0	19.0	20.0	21.0	22.0	23.0	24.0	25.0	26.0	27.0	28.0	29.0	30.0	31.0	32.0	33.0	34.0	35.0	36.0	37.0
BP341_318_RECT_M028_PP_1_R1_subset	1.0	1.0	0.0	3.0	8.0	16.0	36.0	77.0	133.0	214.0	393.0	538.0	782.0	1040.0	1345.0	1830.0	2738.0	4469.0	11065.0	71703.0	3608.0
	15.0	16.0	17.0	18.0	19.0	20.0	21.0	22.0	23.0	24.0	25.0	26.0	27.0	28.0	29.0	30.0	31.0	32.0	33.0	34.0	35.0	36.0	37.0
BP341_318_RECT_M028_PP_1_R2_subset	2.0	3.0	7.0	11.0	12.0	12.0	33.0	53.0	91.0	136.0	218.0	317.0	463.0	617.0	852.0	1072.0	1399.0	1956.0	2717.0	4629.0	11709.0	72570.0	1121.0
	18.0	19.0	20.0	21.0	22.0	23.0	24.0	25.0	26.0	27.0	28.0	29.0	30.0	31.0	32.0	33.0	34.0	35.0	36.0	37.0
BP350_327_RCT_M048_PP_1_R1_subset	3.0	12.0	7.0	17.0	44.0	77.0	143.0	203.0	315.0	475.0	600.0	784.0	996.0	1296.0	1768.0	2313.0	3608.0	8218.0	54441.0	2903.0
	15.0	16.0	17.0	18.0	19.0	20.0	21.0	22.0	23.0	24.0	25.0	26.0	27.0	28.0	29.0	30.0	31.0	32.0	33.0	34.0	35.0	36.0	37.0
BP350_327_RCT_M048_PP_1_R2_subset	4.0	11.0	11.0	14.0	29.0	38.0	73.0	116.0	180.0	268.0	343.0	463.0	576.0	727.0	870.0	1120.0	1362.0	1744.0	2463.0	3898.0	9296.0	53949.0	668.0
	18.0	19.0	20.0	21.0	22.0	23.0	24.0	25.0	26.0	27.0	28.0	29.0	30.0	31.0	32.0	33.0	34.0	35.0	36.0	37.0
BP358_335_RCT_M058_PP_1_R1_subset	1.0	0.0	0.0	2.0	6.0	12.0	45.0	69.0	123.0	175.0	236.0	381.0	454.0	674.0	904.0	1248.0	2086.0	5030.0	30734.0	1356.0
	15.0	16.0	17.0	18.0	19.0	20.0	21.0	22.0	23.0	24.0	25.0	26.0	27.0	28.0	29.0	30.0	31.0	32.0	33.0	34.0	35.0	36.0	37.0
BP358_335_RCT_M058_PP_1_R2_subset	2.0	2.0	2.0	4.0	5.0	10.0	20.0	29.0	39.0	82.0	140.0	161.0	219.0	299.0	397.0	508.0	677.0	941.0	1262.0	2070.0	5212.0	31043.0	412.0
	20.0	21.0	22.0	23.0	24.0	25.0	26.0	27.0	28.0	29.0	30.0	31.0	32.0	33.0	34.0	35.0	36.0	37.0
BP359_336_RCT_M059_PP_1_R1_subset	1.0	4.0	18.0	23.0	44.0	86.0	179.0	260.0	434.0	591.0	888.0	1389.0	1860.0	2034.0	3251.0	7851.0	35540.0	1176.0
	16.0	17.0	18.0	19.0	20.0	21.0	22.0	23.0	24.0	25.0	26.0	27.0	28.0	29.0	30.0	31.0	32.0	33.0	34.0	35.0	36.0	37.0
BP359_336_RCT_M059_PP_1_R2_subset	1.0	5.0	3.0	8.0	11.0	11.0	29.0	43.0	67.0	103.0	144.0	201.0	304.0	416.0	534.0	691.0	1023.0	1440.0	2530.0	6325.0	41089.0	651.0
	19.0	20.0	21.0	22.0	23.0	24.0	25.0	26.0	27.0	28.0	29.0	30.0	31.0	32.0	33.0	34.0	35.0	36.0	37.0
BP361_338_RCT_M061_PP_1_R1_subset	2.0	6.0	6.0	12.0	27.0	54.0	103.0	150.0	252.0	358.0	526.0	725.0	1088.0	1490.0	1898.0	2962.0	7062.0	44641.0	2309.0
	16.0	17.0	18.0	19.0	20.0	21.0	22.0	23.0	24.0	25.0	26.0	27.0	28.0	29.0	30.0	31.0	32.0	33.0	34.0	35.0	36.0	37.0
BP361_338_RCT_M061_PP_1_R2_subset	3.0	3.0	6.0	5.0	9.0	25.0	47.0	60.0	109.0	145.0	222.0	313.0	433.0	522.0	734.0	931.0	1302.0	1764.0	2962.0	7251.0	46175.0	650.0
	18.0	19.0	20.0	21.0	22.0	23.0	24.0	25.0	26.0	27.0	28.0	29.0	30.0	31.0	32.0	33.0	34.0	35.0	36.0	37.0
BP365_342_RCT_M068_PP_1_R1_subset	1.0	2.0	1.0	5.0	8.0	41.0	84.0	158.0	267.0	391.0	569.0	812.0	1099.0	1500.0	2079.0	2821.0	4592.0	11187.0	70945.0	3438.0
	15.0	16.0	17.0	18.0	19.0	20.0	21.0	22.0	23.0	24.0	25.0	26.0	27.0	28.0	29.0	30.0	31.0	32.0	33.0	34.0	35.0	36.0	37.0
BP365_342_RCT_M068_PP_1_R2_subset	1.0	2.0	5.0	6.0	9.0	20.0	39.0	47.0	92.0	166.0	258.0	383.0	545.0	802.0	976.0	1243.0	1646.0	2135.0	3138.0	5270.0	12891.0	69572.0	754.0
	17.0	18.0	19.0	20.0	21.0	22.0	23.0	24.0	25.0	26.0	27.0	28.0	29.0	30.0	31.0	32.0	33.0	34.0	35.0	36.0	37.0
BP367_344_RCT_M072_PP_1_R1_subset	1.0	0.0	1.0	2.0	5.0	15.0	41.0	73.0	155.0	254.0	424.0	610.0	811.0	1123.0	1509.0	2101.0	2890.0	4742.0	11067.0	70370.0	3806.0
	14.0	15.0	16.0	17.0	18.0	19.0	20.0	21.0	22.0	23.0	24.0	25.0	26.0	27.0	28.0	29.0	30.0	31.0	32.0	33.0	34.0	35.0	36.0	37.0
BP367_344_RCT_M072_PP_1_R2_subset	1.0	0.0	3.0	2.0	8.0	11.0	26.0	47.0	76.0	100.0	204.0	282.0	465.0	647.0	825.0	1070.0	1401.0	1731.0	2238.0	3236.0	5459.0	13072.0	68398.0	698.0
	18.0	19.0	20.0	21.0	22.0	23.0	24.0	25.0	26.0	27.0	28.0	29.0	30.0	31.0	32.0	33.0	34.0	35.0	36.0	37.0
BP368_345_RCT_M073_PP_1_R1_subset	2.0	1.0	2.0	5.0	14.0	27.0	37.0	77.0	117.0	160.0	221.0	333.0	441.0	645.0	781.0	1072.0	1672.0	3715.0	24890.0	1286.0
	16.0	17.0	18.0	19.0	20.0	21.0	22.0	23.0	24.0	25.0	26.0	27.0	28.0	29.0	30.0	31.0	32.0	33.0	34.0	35.0	36.0	37.0
BP368_345_RCT_M073_PP_1_R2_subset	1.0	3.0	4.0	6.0	17.0	25.0	30.0	56.0	78.0	142.0	172.0	242.0	274.0	383.0	454.0	542.0	811.0	1097.0	1797.0	4267.0	24833.0	264.0
	20.0	21.0	22.0	23.0	24.0	25.0	26.0	27.0	28.0	29.0	30.0	31.0	32.0	33.0	34.0	35.0	36.0	37.0
BP371_348_RCT_M076_PP_1_R1_subset	2.0	8.0	12.0	39.0	71.0	144.0	249.0	388.0	561.0	748.0	1046.0	1400.0	1924.0	2687.0	4875.0	11222.0	71039.0	3585.0
	16.0	17.0	18.0	19.0	20.0	21.0	22.0	23.0	24.0	25.0	26.0	27.0	28.0	29.0	30.0	31.0	32.0	33.0	34.0	35.0	36.0	37.0
BP371_348_RCT_M076_PP_1_R2_subset	2.0	7.0	4.0	12.0	20.0	28.0	42.0	85.0	128.0	255.0	307.0	432.0	658.0	859.0	1065.0	1344.0	1912.0	2642.0	4735.0	11954.0	72470.0	1039.0
	18.0	19.0	20.0	21.0	22.0	23.0	24.0	25.0	26.0	27.0	28.0	29.0	30.0	31.0	32.0	33.0	34.0	35.0	36.0	37.0
BP376_353_RCT_M013_SV1_1_R1_subset	1.0	3.0	9.0	13.0	31.0	59.0	110.0	205.0	304.0	442.0	641.0	897.0	1109.0	1529.0	1999.0	2925.0	4664.0	10585.0	70591.0	3883.0
	15.0	16.0	17.0	18.0	19.0	20.0	21.0	22.0	23.0	24.0	25.0	26.0	27.0	28.0	29.0	30.0	31.0	32.0	33.0	34.0	35.0	36.0	37.0
BP376_353_RCT_M013_SV1_1_R2_subset	3.0	3.0	9.0	12.0	27.0	42.0	66.0	120.0	171.0	269.0	350.0	498.0	644.0	814.0	1030.0	1330.0	1652.0	2203.0	2987.0	4995.0	11895.0	70046.0	834.0
	18.0	19.0	20.0	21.0	22.0	23.0	24.0	25.0	26.0	27.0	28.0	29.0	30.0	31.0	32.0	33.0	34.0	35.0	36.0	37.0
BP389_365_RCT_M043_SV1_1_R1_subset	1.0	3.0	22.0	35.0	52.0	100.0	164.0	317.0	424.0	623.0	851.0	1146.0	1499.0	1931.0	2553.0	3487.0	5614.0	12611.0	65716.0	2851.0
	15.0	16.0	17.0	18.0	19.0	20.0	21.0	22.0	23.0	24.0	25.0	26.0	27.0	28.0	29.0	30.0	31.0	32.0	33.0	34.0	35.0	36.0	37.0
BP389_365_RCT_M043_SV1_1_R2_subset	1.0	7.0	13.0	13.0	32.0	50.0	91.0	163.0	231.0	291.0	477.0	592.0	794.0	994.0	1245.0	1579.0	1906.0	2499.0	3492.0	5613.0	13222.0	65901.0	794.0
	19.0	20.0	21.0	22.0	23.0	24.0	25.0	26.0	27.0	28.0	29.0	30.0	31.0	32.0	33.0	34.0	35.0	36.0	37.0
BP391_367_RCT_M045_SV1_1_R1_subset	2.0	1.0	4.0	9.0	29.0	63.0	130.0	236.0	364.0	573.0	832.0	1247.0	2228.0	3091.0	3414.0	4959.0	11690.0	68032.0	3096.0
	15.0	16.0	17.0	18.0	19.0	20.0	21.0	22.0	23.0	24.0	25.0	26.0	27.0	28.0	29.0	30.0	31.0	32.0	33.0	34.0	35.0	36.0	37.0
BP391_367_RCT_M045_SV1_1_R2_subset	2.0	1.0	3.0	7.0	5.0	16.0	19.0	57.0	72.0	105.0	139.0	206.0	304.0	433.0	608.0	872.0	1219.0	1624.0	2378.0	4112.0	10771.0	75625.0	1422.0
	18.0	19.0	20.0	21.0	22.0	23.0	24.0	25.0	26.0	27.0	28.0	29.0	30.0	31.0	32.0	33.0	34.0	35.0	36.0	37.0
BP396_372_RCT_M050_SV1_1_R1_subset	1.0	0.0	4.0	7.0	8.0	22.0	78.0	109.0	206.0	334.0	488.0	707.0	981.0	1320.0	1810.0	2600.0	4201.0	10199.0	72606.0	4319.0
	15.0	16.0	17.0	18.0	19.0	20.0	21.0	22.0	23.0	24.0	25.0	26.0	27.0	28.0	29.0	30.0	31.0	32.0	33.0	34.0	35.0	36.0	37.0
BP396_372_RCT_M050_SV1_1_R2_subset	2.0	2.0	3.0	12.0	14.0	24.0	49.0	77.0	123.0	177.0	287.0	367.0	562.0	709.0	903.0	1215.0	1532.0	1968.0	2814.0	4629.0	11779.0	71899.0	853.0
	18.0	19.0	20.0	21.0	22.0	23.0	24.0	25.0	26.0	27.0	28.0	29.0	30.0	31.0	32.0	33.0	34.0	35.0	36.0	37.0
BP398_374_RCT_M054_SV1_1_R1_subset	1.0	1.0	2.0	6.0	15.0	32.0	44.0	76.0	114.0	174.0	208.0	299.0	403.0	505.0	605.0	877.0	1451.0	3266.0	20968.0	1113.0
	14.0	15.0	16.0	17.0	18.0	19.0	20.0	21.0	22.0	23.0	24.0	25.0	26.0	27.0	28.0	29.0	30.0	31.0	32.0	33.0	34.0	35.0	36.0	37.0
BP398_374_RCT_M054_SV1_1_R2_subset	1.0	1.0	2.0	4.0	9.0	11.0	24.0	27.0	44.0	66.0	95.0	143.0	187.0	189.0	259.0	324.0	369.0	508.0	691.0	833.0	1449.0	3403.0	21236.0	285.0
	19.0	20.0	21.0	22.0	23.0	24.0	25.0	26.0	27.0	28.0	29.0	30.0	31.0	32.0	33.0	34.0	35.0	36.0	37.0
BP402_378_RCT_M058_SV1_1_R1_subset	2.0	2.0	8.0	15.0	35.0	47.0	95.0	163.0	278.0	396.0	593.0	880.0	1054.0	1494.0	2167.0	3574.0	8537.0	59851.0	3156.0
	14.0	15.0	16.0	17.0	18.0	19.0	20.0	21.0	22.0	23.0	24.0	25.0	26.0	27.0	28.0	29.0	30.0	31.0	32.0	33.0	34.0	35.0	36.0	37.0
BP402_378_RCT_M058_SV1_1_R2_subset	1.0	1.0	4.0	4.0	10.0	6.0	19.0	35.0	54.0	85.0	139.0	198.0	277.0	376.0	562.0	651.0	961.0	1156.0	1504.0	2280.0	3721.0	9463.0	60091.0	749.0
	19.0	20.0	21.0	22.0	23.0	24.0	25.0	26.0	27.0	28.0	29.0	30.0	31.0	32.0	33.0	34.0	35.0	36.0	37.0
BP403_379_RCT_M060_SV1_1_R1_subset	1.0	3.0	11.0	18.0	33.0	74.0	129.0	249.0	361.0	553.0	793.0	1079.0	1570.0	2012.0	2678.0	4020.0	9921.0	69187.0	3634.0
	16.0	17.0	18.0	19.0	20.0	21.0	22.0	23.0	24.0	25.0	26.0	27.0	28.0	29.0	30.0	31.0	32.0	33.0	34.0	35.0	36.0	37.0
BP403_379_RCT_M060_SV1_1_R2_subset	2.0	6.0	4.0	7.0	13.0	36.0	62.0	98.0	134.0	207.0	300.0	432.0	565.0	731.0	1020.0	1238.0	1678.0	2303.0	4150.0	10416.0	71851.0	1073.0
	18.0	19.0	20.0	21.0	22.0	23.0	24.0	25.0	26.0	27.0	28.0	29.0	30.0	31.0	32.0	33.0	34.0	35.0	36.0	37.0
BP411_387_RCT_M074_SV1_1_R1_subset	1.0	4.0	7.0	20.0	38.0	69.0	140.0	216.0	339.0	500.0	745.0	1013.0	1398.0	1878.0	2511.0	3606.0	6059.0	14035.0	65170.0	2251.0
	15.0	16.0	17.0	18.0	19.0	20.0	21.0	22.0	23.0	24.0	25.0	26.0	27.0	28.0	29.0	30.0	31.0	32.0	33.0	34.0	35.0	36.0	37.0
BP411_387_RCT_M074_SV1_1_R2_subset	1.0	4.0	12.0	6.0	16.0	35.0	64.0	67.0	113.0	171.0	241.0	322.0	449.0	572.0	825.0	994.0	1342.0	1911.0	2765.0	4701.0	11859.0	72331.0	1199.0
	18.0	19.0	20.0	21.0	22.0	23.0	24.0	25.0	26.0	27.0	28.0	29.0	30.0	31.0	32.0	33.0	34.0	35.0	36.0	37.0
BP413_389_RCT_M076_SV1_1_R1_subset	2.0	2.0	5.0	6.0	29.0	40.0	82.0	159.0	285.0	458.0	643.0	967.0	1440.0	2643.0	3038.0	3234.0	4994.0	11722.0	65336.0	2887.0
	15.0	16.0	17.0	18.0	19.0	20.0	21.0	22.0	23.0	24.0	25.0	26.0	27.0	28.0	29.0	30.0	31.0	32.0	33.0	34.0	35.0	36.0	37.0
BP413_389_RCT_M076_SV1_1_R2_subset	3.0	5.0	11.0	9.0	22.0	18.0	57.0	79.0	118.0	182.0	343.0	447.0	677.0	870.0	1141.0	1485.0	1772.0	2403.0	3523.0	5803.0	13702.0	64704.0	598.0
	18.0	19.0	20.0	21.0	22.0	23.0	24.0	25.0	26.0	27.0	28.0	29.0	30.0	31.0	32.0	33.0	34.0	35.0	36.0	37.0
BP418_394_REC_PM027_V1_1_R1_subset	1.0	2.0	2.0	11.0	17.0	42.0	90.0	156.0	235.0	411.0	581.0	783.0	1193.0	1776.0	2393.0	2870.0	4429.0	10797.0	70676.0	3535.0
	15.0	16.0	17.0	18.0	19.0	20.0	21.0	22.0	23.0	24.0	25.0	26.0	27.0	28.0	29.0	30.0	31.0	32.0	33.0	34.0	35.0	36.0	37.0
BP418_394_REC_PM027_V1_1_R2_subset	2.0	4.0	4.0	9.0	17.0	21.0	44.0	62.0	99.0	150.0	230.0	343.0	483.0	648.0	864.0	1097.0	1472.0	2012.0	2728.0	4769.0	12143.0	71881.0	918.0
	19.0	20.0	21.0	22.0	23.0	24.0	25.0	26.0	27.0	28.0	29.0	30.0	31.0	32.0	33.0	34.0	35.0	36.0	37.0
BP419_395_RCT_M012_SV2_1-1_R1_subset	1.0	2.0	5.0	18.0	45.0	87.0	186.0	256.0	427.0	596.0	949.0	1363.0	2814.0	3012.0	3056.0	4673.0	11122.0	68019.0	3369.0
	16.0	17.0	18.0	19.0	20.0	21.0	22.0	23.0	24.0	25.0	26.0	27.0	28.0	29.0	30.0	31.0	32.0	33.0	34.0	35.0	36.0	37.0
BP419_395_RCT_M012_SV2_1-1_R2_subset	5.0	2.0	8.0	7.0	23.0	31.0	57.0	98.0	189.0	271.0	405.0	568.0	737.0	1014.0	1263.0	1652.0	2179.0	3222.0	5247.0	12979.0	69336.0	707.0
	17.0	18.0	19.0	20.0	21.0	22.0	23.0	24.0	25.0	26.0	27.0	28.0	29.0	30.0	31.0	32.0	33.0	34.0	35.0	36.0	37.0
BP427_403_RCT_M032_SV2_1_R1_subset	1.0	2.0	2.0	10.0	18.0	21.0	41.0	77.0	192.0	244.0	402.0	638.0	787.0	1149.0	1492.0	2092.0	2680.0	4645.0	11153.0	70831.0	3523.0
	16.0	17.0	18.0	19.0	20.0	21.0	22.0	23.0	24.0	25.0	26.0	27.0	28.0	29.0	30.0	31.0	32.0	33.0	34.0	35.0	36.0	37.0
BP427_403_RCT_M032_SV2_1_R2_subset	4.0	6.0	12.0	13.0	32.0	47.0	95.0	143.0	203.0	312.0	387.0	513.0	656.0	854.0	1094.0	1480.0	1933.0	2848.0	4741.0	12247.0	71535.0	845.0
	17.0	18.0	19.0	20.0	21.0	22.0	23.0	24.0	25.0	26.0	27.0	28.0	29.0	30.0	31.0	32.0	33.0	34.0	35.0	36.0	37.0
BP431_407_RCT_M042_SV2_1_R1_subset	2.0	1.0	2.0	4.0	3.0	15.0	39.0	70.0	139.0	206.0	365.0	512.0	718.0	974.0	1375.0	1822.0	2575.0	4405.0	10385.0	57618.0	2552.0
	16.0	17.0	18.0	19.0	20.0	21.0	22.0	23.0	24.0	25.0	26.0	27.0	28.0	29.0	30.0	31.0	32.0	33.0	34.0	35.0	36.0	37.0
BP431_407_RCT_M042_SV2_1_R2_subset	2.0	5.0	8.0	11.0	22.0	32.0	54.0	112.0	186.0	251.0	360.0	512.0	687.0	924.0	1055.0	1392.0	1798.0	2547.0	4160.0	10454.0	58512.0	698.0
	18.0	19.0	20.0	21.0	22.0	23.0	24.0	25.0	26.0	27.0	28.0	29.0	30.0	31.0	32.0	33.0	34.0	35.0	36.0	37.0
BP453_428_RCT_M075_SV2_1_R1_subset	1.0	1.0	5.0	2.0	9.0	17.0	53.0	77.0	149.0	247.0	386.0	559.0	731.0	1070.0	1354.0	1893.0	3160.0	7290.0	42808.0	2022.0
	15.0	16.0	17.0	18.0	19.0	20.0	21.0	22.0	23.0	24.0	25.0	26.0	27.0	28.0	29.0	30.0	31.0	32.0	33.0	34.0	35.0	36.0	37.0
BP453_428_RCT_M075_SV2_1_R2_subset	2.0	1.0	7.0	4.0	8.0	13.0	29.0	43.0	97.0	119.0	153.0	252.0	357.0	484.0	609.0	770.0	979.0	1324.0	1834.0	3175.0	7540.0	43449.0	585.0
	19.0	20.0	21.0	22.0	23.0	24.0	25.0	26.0	27.0	28.0	29.0	30.0	31.0	32.0	33.0	34.0	35.0	36.0	37.0
BP455_430_RCT_M077_SV2_1_R1_subset	3.0	4.0	12.0	41.0	80.0	127.0	248.0	346.0	539.0	737.0	989.0	1386.0	1804.0	2453.0	3474.0	6004.0	14364.0	64746.0	2643.0
	16.0	17.0	18.0	19.0	20.0	21.0	22.0	23.0	24.0	25.0	26.0	27.0	28.0	29.0	30.0	31.0	32.0	33.0	34.0	35.0	36.0	37.0
BP455_430_RCT_M077_SV2_1_R2_subset	1.0	8.0	9.0	15.0	27.0	57.0	109.0	225.0	273.0	407.0	548.0	785.0	1026.0	1233.0	1599.0	2004.0	2665.0	3709.0	6563.0	16388.0	61948.0	401.0
	18.0	19.0	20.0	21.0	22.0	23.0	24.0	25.0	26.0	27.0	28.0	29.0	30.0	31.0	32.0	33.0	34.0	35.0	36.0	37.0
BP456_431_RCT_M078_SV2_1_R1_subset	2.0	3.0	9.0	21.0	43.0	69.0	109.0	198.0	305.0	460.0	637.0	994.0	1336.0	2216.0	2955.0	3210.0	4489.0	10696.0	68405.0	3843.0
	15.0	16.0	17.0	18.0	19.0	20.0	21.0	22.0	23.0	24.0	25.0	26.0	27.0	28.0	29.0	30.0	31.0	32.0	33.0	34.0	35.0	36.0	37.0
BP456_431_RCT_M078_SV2_1_R2_subset	2.0	6.0	10.0	11.0	18.0	37.0	47.0	97.0	136.0	218.0	295.0	416.0	600.0	797.0	972.0	1216.0	1560.0	2022.0	2889.0	4870.0	12214.0	70669.0	898.0
	18.0	19.0	20.0	21.0	22.0	23.0	24.0	25.0	26.0	27.0	28.0	29.0	30.0	31.0	32.0	33.0	34.0	35.0	36.0	37.0
BP457_432_RCT_M080_SV2_1_R1_subset	3.0	5.0	13.0	21.0	53.0	73.0	150.0	190.0	316.0	495.0	650.0	894.0	1134.0	1550.0	2093.0	3002.0	4760.0	11100.0	69910.0	3588.0
	14.0	15.0	16.0	17.0	18.0	19.0	20.0	21.0	22.0	23.0	24.0	25.0	26.0	27.0	28.0	29.0	30.0	31.0	32.0	33.0	34.0	35.0	36.0	37.0
BP457_432_RCT_M080_SV2_1_R2_subset	1.0	1.0	6.0	7.0	22.0	21.0	34.0	55.0	117.0	178.0	232.0	359.0	480.0	577.0	832.0	1017.0	1278.0	1635.0	2167.0	2857.0	4883.0	11806.0	70463.0	972.0
	18.0	19.0	20.0	21.0	22.0	23.0	24.0	25.0	26.0	27.0	28.0	29.0	30.0	31.0	32.0	33.0	34.0	35.0	36.0	37.0
BP458_433_RCT_M002_SV3_1_R1_subset	2.0	5.0	5.0	10.0	27.0	41.0	88.0	144.0	263.0	386.0	556.0	784.0	1107.0	1447.0	2020.0	2887.0	4887.0	11687.0	70246.0	3408.0
	15.0	16.0	17.0	18.0	19.0	20.0	21.0	22.0	23.0	24.0	25.0	26.0	27.0	28.0	29.0	30.0	31.0	32.0	33.0	34.0	35.0	36.0	37.0
BP458_433_RCT_M002_SV3_1_R2_subset	1.0	2.0	11.0	7.0	17.0	30.0	41.0	54.0	99.0	193.0	281.0	388.0	533.0	713.0	996.0	1223.0	1592.0	2140.0	3016.0	5182.0	13142.0	69571.0	768.0
	17.0	18.0	19.0	20.0	21.0	22.0	23.0	24.0	25.0	26.0	27.0	28.0	29.0	30.0	31.0	32.0	33.0	34.0	35.0	36.0	37.0
BP469_444_RCT_M040_SV3_1_R1_subset	1.0	0.0	2.0	4.0	9.0	12.0	40.0	64.0	125.0	238.0	381.0	573.0	745.0	1050.0	1461.0	1956.0	2837.0	4702.0	10829.0	71161.0	3810.0
	16.0	17.0	18.0	19.0	20.0	21.0	22.0	23.0	24.0	25.0	26.0	27.0	28.0	29.0	30.0	31.0	32.0	33.0	34.0	35.0	36.0	37.0
BP469_444_RCT_M040_SV3_1_R2_subset	3.0	5.0	5.0	15.0	28.0	52.0	60.0	112.0	183.0	258.0	389.0	571.0	711.0	926.0	1199.0	1689.0	2050.0	2988.0	4851.0	12026.0	70963.0	916.0
	18.0	19.0	20.0	21.0	22.0	23.0	24.0	25.0	26.0	27.0	28.0	29.0	30.0	31.0	32.0	33.0	34.0	35.0	36.0	37.0
BP472_447_RCT_M044_SV3_1_R1_subset	1.0	1.0	2.0	6.0	19.0	51.0	80.0	173.0	243.0	355.0	509.0	754.0	1059.0	1414.0	1904.0	2692.0	4511.0	11014.0	71484.0	3728.0
	14.0	15.0	16.0	17.0	18.0	19.0	20.0	21.0	22.0	23.0	24.0	25.0	26.0	27.0	28.0	29.0	30.0	31.0	32.0	33.0	34.0	35.0	36.0	37.0
BP472_447_RCT_M044_SV3_1_R2_subset	1.0	1.0	4.0	5.0	10.0	14.0	21.0	41.0	68.0	94.0	148.0	234.0	335.0	497.0	605.0	871.0	1072.0	1459.0	1952.0	2834.0	4923.0	11852.0	72072.0	887.0
	18.0	19.0	20.0	21.0	22.0	23.0	24.0	25.0	26.0	27.0	28.0	29.0	30.0	31.0	32.0	33.0	34.0	35.0	36.0	37.0
BP473_448_RCT_M047_SV3_1_R1_subset	1.0	2.0	3.0	4.0	10.0	19.0	66.0	129.0	201.0	351.0	587.0	821.0	1177.0	1656.0	2292.0	3268.0	5716.0	13611.0	67627.0	2459.0
	15.0	16.0	17.0	18.0	19.0	20.0	21.0	22.0	23.0	24.0	25.0	26.0	27.0	28.0	29.0	30.0	31.0	32.0	33.0	34.0	35.0	36.0	37.0
BP473_448_RCT_M047_SV3_1_R2_subset	1.0	4.0	8.0	15.0	13.0	19.0	25.0	36.0	59.0	101.0	156.0	194.0	345.0	416.0	590.0	854.0	1194.0	1669.0	2442.0	4295.0	11209.0	75096.0	1259.0
	16.0	17.0	18.0	19.0	20.0	21.0	22.0	23.0	24.0	25.0	26.0	27.0	28.0	29.0	30.0	31.0	32.0	33.0	34.0	35.0	36.0	37.0
BP474_449_RCT_M048_SV3_1_R1_subset	1.0	1.0	2.0	5.0	22.0	43.0	80.0	131.0	233.0	301.0	449.0	628.0	875.0	1153.0	1427.0	1791.0	2381.0	3198.0	4986.0	10798.0	67853.0	3642.0
	14.0	15.0	16.0	17.0	18.0	19.0	20.0	21.0	22.0	23.0	24.0	25.0	26.0	27.0	28.0	29.0	30.0	31.0	32.0	33.0	34.0	35.0	36.0	37.0
BP474_449_RCT_M048_SV3_1_R2_subset	1.0	5.0	5.0	12.0	20.0	48.0	73.0	124.0	227.0	294.0	464.0	605.0	761.0	967.0	1229.0	1328.0	1671.0	1971.0	2556.0	3466.0	5350.0	12881.0	65126.0	816.0
	18.0	19.0	20.0	21.0	22.0	23.0	24.0	25.0	26.0	27.0	28.0	29.0	30.0	31.0	32.0	33.0	34.0	35.0	36.0	37.0
BP484_459_RCT_M061_SV3_1_R1_subset	3.0	11.0	9.0	23.0	40.0	69.0	129.0	185.0	295.0	421.0	603.0	793.0	1065.0	1579.0	1954.0	2217.0	3309.0	7344.0	41761.0	1928.0
	16.0	17.0	18.0	19.0	20.0	21.0	22.0	23.0	24.0	25.0	26.0	27.0	28.0	29.0	30.0	31.0	32.0	33.0	34.0	35.0	36.0	37.0
BP484_459_RCT_M061_SV3_1_R2_subset	11.0	9.0	12.0	34.0	36.0	75.0	133.0	173.0	217.0	338.0	445.0	534.0	700.0	769.0	1027.0	1246.0	1668.0	2123.0	3335.0	7776.0	42496.0	581.0
	16.0	17.0	18.0	19.0	20.0	21.0	22.0	23.0	24.0	25.0	26.0	27.0	28.0	29.0	30.0	31.0	32.0	33.0	34.0	35.0	36.0	37.0
BP494_469_RCT_M077_SV3_1_R1_subset	1.0	0.0	0.0	3.0	5.0	15.0	22.0	37.0	84.0	149.0	247.0	368.0	468.0	636.0	899.0	1243.0	1593.0	2296.0	3961.0	9507.0	32432.0	646.0
	15.0	16.0	17.0	18.0	19.0	20.0	21.0	22.0	23.0	24.0	25.0	26.0	27.0	28.0	29.0	30.0	31.0	32.0	33.0	34.0	35.0	36.0	37.0
BP494_469_RCT_M077_SV3_1_R2_subset	1.0	5.0	4.0	11.0	14.0	23.0	26.0	55.0	74.0	107.0	157.0	263.0	328.0	445.0	567.0	728.0	977.0	1321.0	1909.0	3423.0	8981.0	34982.0	211.0
	19.0	20.0	21.0	22.0	23.0	24.0	25.0	26.0	27.0	28.0	29.0	30.0	31.0	32.0	33.0	34.0	35.0	36.0	37.0
BP495_470_RCT_M079_SV3_1_R1_subset	2.0	1.0	8.0	11.0	21.0	41.0	73.0	108.0	173.0	312.0	391.0	512.0	778.0	1030.0	1496.0	2482.0	5755.0	34757.0	1757.0
	16.0	17.0	18.0	19.0	20.0	21.0	22.0	23.0	24.0	25.0	26.0	27.0	28.0	29.0	30.0	31.0	32.0	33.0	34.0	35.0	36.0	37.0
BP495_470_RCT_M079_SV3_1_R2_subset	1.0	3.0	1.0	6.0	15.0	26.0	48.0	57.0	99.0	149.0	207.0	280.0	357.0	504.0	613.0	837.0	1043.0	1468.0	2536.0	6057.0	34921.0	480.0
	18.0	19.0	20.0	21.0	22.0	23.0	24.0	25.0	26.0	27.0	28.0	29.0	30.0	31.0	32.0	33.0	34.0	35.0	36.0	37.0
BP496_471_RCT_M080_SV3_1_R1_subset	2.0	0.0	4.0	5.0	22.0	43.0	85.0	131.0	214.0	393.0	515.0	695.0	945.0	1307.0	1803.0	2584.0	4323.0	9990.0	72524.0	4415.0
	15.0	16.0	17.0	18.0	19.0	20.0	21.0	22.0	23.0	24.0	25.0	26.0	27.0	28.0	29.0	30.0	31.0	32.0	33.0	34.0	35.0	36.0	37.0
BP496_471_RCT_M080_SV3_1_R2_subset	2.0	1.0	6.0	9.0	14.0	32.0	49.0	66.0	108.0	175.0	290.0	422.0	543.0	705.0	866.0	1098.0	1535.0	1991.0	2728.0	4713.0	11692.0	71976.0	979.0
	18.0	19.0	20.0	21.0	22.0	23.0	24.0	25.0	26.0	27.0	28.0	29.0	30.0	31.0	32.0	33.0	34.0	35.0	36.0	37.0
BP507_482_RECT_M042_SV4_1_R1_subset	1.0	2.0	5.0	24.0	42.0	85.0	129.0	231.0	355.0	524.0	750.0	980.0	1419.0	1767.0	2404.0	2995.0	4811.0	10803.0	69177.0	3496.0
	15.0	16.0	17.0	18.0	19.0	20.0	21.0	22.0	23.0	24.0	25.0	26.0	27.0	28.0	29.0	30.0	31.0	32.0	33.0	34.0	35.0	36.0	37.0
BP507_482_RECT_M042_SV4_1_R2_subset	1.0	5.0	7.0	13.0	22.0	38.0	72.0	103.0	175.0	246.0	332.0	526.0	699.0	854.0	1099.0	1367.0	1725.0	2211.0	2999.0	4949.0	11987.0	69694.0	876.0
	18.0	19.0	20.0	21.0	22.0	23.0	24.0	25.0	26.0	27.0	28.0	29.0	30.0	31.0	32.0	33.0	34.0	35.0	36.0	37.0
BP513_488_RCT_M054_SV4_1_R1_subset	1.0	0.0	3.0	9.0	23.0	34.0	72.0	155.0	254.0	435.0	621.0	860.0	1087.0	1522.0	2044.0	3077.0	4856.0	11853.0	69786.0	3308.0
	16.0	17.0	18.0	19.0	20.0	21.0	22.0	23.0	24.0	25.0	26.0	27.0	28.0	29.0	30.0	31.0	32.0	33.0	34.0	35.0	36.0	37.0
BP513_488_RCT_M054_SV4_1_R2_subset	5.0	8.0	7.0	13.0	23.0	49.0	69.0	131.0	196.0	266.0	410.0	599.0	703.0	941.0	1149.0	1558.0	2123.0	2974.0	5029.0	12722.0	70137.0	888.0
	21.0	22.0	23.0	24.0	25.0	26.0	27.0	28.0	29.0	30.0	31.0	32.0	33.0	34.0	35.0	36.0	37.0
BP537_512_RCT_M058_SV5_1_R1_subset	6.0	16.0	32.0	80.0	157.0	265.0	430.0	547.0	799.0	1056.0	1466.0	1905.0	2605.0	4286.0	10169.0	71859.0	4322.0
	15.0	16.0	17.0	18.0	19.0	20.0	21.0	22.0	23.0	24.0	25.0	26.0	27.0	28.0	29.0	30.0	31.0	32.0	33.0	34.0	35.0	36.0	37.0
BP537_512_RCT_M058_SV5_1_R2_subset	2.0	0.0	7.0	9.0	13.0	15.0	33.0	72.0	119.0	175.0	260.0	366.0	524.0	680.0	862.0	1118.0	1508.0	1972.0	2847.0	4739.0	12037.0	71669.0	973.0
	18.0	19.0	20.0	21.0	22.0	23.0	24.0	25.0	26.0	27.0	28.0	29.0	30.0	31.0	32.0	33.0	34.0	35.0	36.0	37.0
BP542_516_RCT_M074_SV5_1_R1_subset	2.0	2.0	4.0	8.0	12.0	38.0	99.0	156.0	234.0	360.0	464.0	730.0	1050.0	1392.0	1914.0	2751.0	4668.0	10843.0	71447.0	3826.0
	15.0	16.0	17.0	18.0	19.0	20.0	21.0	22.0	23.0	24.0	25.0	26.0	27.0	28.0	29.0	30.0	31.0	32.0	33.0	34.0	35.0	36.0	37.0
BP542_516_RCT_M074_SV5_1_R2_subset	1.0	3.0	6.0	12.0	9.0	11.0	32.0	59.0	117.0	150.0	278.0	372.0	523.0	758.0	951.0	1195.0	1557.0	2204.0	3024.0	5204.0	13352.0	69489.0	693.0
	16.0	17.0	18.0	19.0	20.0	21.0	22.0	23.0	24.0	25.0	26.0	27.0	28.0	29.0	30.0	31.0	32.0	33.0	34.0	35.0	36.0	37.0
BP543_517_RCT_M077_SV5_1_R1_subset	1.0	1.0	3.0	3.0	10.0	17.0	41.0	73.0	128.0	248.0	404.0	568.0	811.0	1107.0	1697.0	3483.0	3526.0	3308.0	5378.0	13615.0	62926.0	2125.0
	15.0	16.0	17.0	18.0	19.0	20.0	21.0	22.0	23.0	24.0	25.0	26.0	27.0	28.0	29.0	30.0	31.0	32.0	33.0	34.0	35.0	36.0	37.0
BP543_517_RCT_M077_SV5_1_R2_subset	3.0	3.0	14.0	16.0	14.0	31.0	45.0	88.0	131.0	214.0	360.0	488.0	634.0	881.0	1052.0	1318.0	1707.0	2249.0	3254.0	5994.0	16047.0	64562.0	368.0

