	70	72	74	76	78	80	82	84	86	88	90	92	94	96	98	100	102	104	106	108	110	112	114	116	118	120	122	124	126	128	130	132	134	136	138	140	142	144	146
BP009_9_CER_PM021_1_1_R1_subset	39.0	69.0	49.0	99.0	125.0	106.0	98.0	138.0	181.0	206.0	134.0	129.0	149.0	194.0	218.0	168.0	128.0	185.0	244.0	253.0	212.0	156.0	184.0	271.0	306.0	217.0	209.0	226.0	314.0	361.0	279.0	236.0	323.0	475.0	773.0	4317.0	25969.0	9974.0	52286.0
	146
BP009_9_CER_PM021_1_1_R2_subset	100000.0
	70	72	74	76	78	80	82	84	86	88	90	92	94	96	98	100	102	104	106	108	110	112	114	116	118	120	122	124	126	128	130	132	134	136	138	140	142	144	146
BP036_36_CER_PM018_2_1_R1_subset	55.0	73.0	73.0	78.0	96.0	101.0	102.0	125.0	156.0	194.0	136.0	148.0	183.0	186.0	190.0	193.0	131.0	188.0	221.0	246.0	238.0	162.0	207.0	258.0	263.0	273.0	219.0	291.0	339.0	351.0	354.0	330.0	414.0	468.0	747.0	4240.0	25324.0	10450.0	52197.0
	146
BP036_36_CER_PM018_2_1_R2_subset	100000.0
	70	72	74	76	78	80	82	84	86	88	90	92	94	96	98	100	102	104	106	108	110	112	114	116	118	120	122	124	126	128	130	132	134	136	138	140	142	144	146
BP066_62_VAG_PM010_1_1_R1_subset	2.0	4.0	1.0	2.0	1.0	3.0	0.0	3.0	1.0	3.0	1.0	2.0	1.0	3.0	2.0	4.0	3.0	7.0	14.0	23.0	16.0	11.0	20.0	25.0	72.0	116.0	133.0	127.0	157.0	166.0	160.0	130.0	159.0	185.0	244.0	1744.0	11584.0	4363.0	24663.0
	146
BP066_62_VAG_PM010_1_1_R2_subset	44155.0
	70	72	74	76	78	80	82	84	86	88	90	92	94	96	98	100	102	104	106	108	110	112	114	116	118	120	122	124	126	128	130	132	134	136	138	140	142	144	146
BP085_78_VAG_PM034_1_1_R1_subset	8.0	21.0	25.0	22.0	30.0	17.0	13.0	30.0	36.0	37.0	24.0	36.0	38.0	45.0	46.0	42.0	28.0	35.0	57.0	68.0	54.0	43.0	29.0	56.0	74.0	127.0	110.0	150.0	209.0	233.0	251.0	182.0	277.0	398.0	644.0	4636.0	26246.0	11080.0	54543.0
	146
BP085_78_VAG_PM034_1_1_R2_subset	100000.0
	70	72	74	76	78	80	82	84	86	88	90	92	94	96	98	100	102	104	106	108	110	112	114	116	118	120	122	124	126	128	130	132	134	136	138	140	142	144	146
BP087_80_VAG_PM036_1_1_R1_subset	42.0	48.0	71.0	96.0	114.0	88.0	89.0	146.0	169.0	190.0	129.0	122.0	158.0	221.0	245.0	165.0	135.0	191.0	265.0	274.0	238.0	188.0	212.0	284.0	305.0	258.0	198.0	241.0	321.0	355.0	342.0	292.0	341.0	523.0	908.0	4575.0	25071.0	11664.0	50726.0
	146
BP087_80_VAG_PM036_1_1_R2_subset	100000.0
	70	72	74	76	78	80	82	84	86	88	90	92	94	96	98	100	102	104	106	108	110	112	114	116	118	120	122	124	126	128	130	132	134	136	138	140	142	144	146
BP093_83_VAG_PM040_1_1_R1_subset	30.0	62.0	39.0	79.0	80.0	66.0	73.0	79.0	111.0	123.0	103.0	98.0	122.0	133.0	137.0	144.0	112.0	144.0	191.0	169.0	153.0	143.0	148.0	217.0	233.0	206.0	180.0	183.0	250.0	271.0	224.0	218.0	289.0	401.0	676.0	4172.0	26037.0	10322.0	53582.0
	146
BP093_83_VAG_PM040_1_1_R2_subset	100000.0
	70	72	74	76	78	80	82	84	86	88	90	92	94	96	98	100	102	104	106	108	110	112	114	116	118	120	122	124	126	128	130	132	134	136	138	140	142	144	146
BP130_114_VAG_PM042_2_1_R1_subset	18.0	18.0	13.0	14.0	19.0	16.0	17.0	23.0	11.0	22.0	29.0	24.0	21.0	15.0	19.0	19.0	21.0	23.0	43.0	50.0	38.0	49.0	45.0	63.0	99.0	134.0	116.0	158.0	212.0	227.0	207.0	214.0	304.0	401.0	600.0	4152.0	26530.0	10503.0	55513.0
	146
BP130_114_VAG_PM042_2_1_R2_subset	100000.0
	70	72	74	76	78	80	82	84	86	88	90	92	94	96	98	100	102	104	106	108	110	112	114	116	118	120	122	124	126	128	130	132	134	136	138	140	142	144	146
BP143_125_RCT_PM017_1_1_R1_subset	10.0	17.0	17.0	17.0	25.0	19.0	18.0	30.0	25.0	46.0	27.0	29.0	32.0	35.0	34.0	35.0	35.0	37.0	59.0	58.0	38.0	36.0	43.0	56.0	52.0	65.0	40.0	52.0	58.0	74.0	92.0	74.0	86.0	111.0	167.0	1045.0	7161.0	2487.0	14813.0
	146
BP143_125_RCT_PM017_1_1_R2_subset	27155.0
	70	72	74	76	78	80	82	84	86	88	90	92	94	96	98	100	102	104	106	108	110	112	114	116	118	120	122	124	126	128	130	132	134	136	138	140	142	144	146
BP153_135_RCT_PM030_1_1_R1_subset	4.0	5.0	2.0	1.0	4.0	3.0	3.0	7.0	2.0	7.0	3.0	6.0	6.0	5.0	13.0	1.0	7.0	5.0	15.0	18.0	22.0	4.0	13.0	21.0	25.0	56.0	60.0	53.0	82.0	93.0	89.0	76.0	100.0	135.0	234.0	1634.0	11348.0	4281.0	24712.0
	146
BP153_135_RCT_PM030_1_1_R2_subset	43155.0
	70	72	74	76	78	80	82	84	86	88	90	92	94	96	98	100	102	104	106	108	110	112	114	116	118	120	122	124	126	128	130	132	134	136	138	140	142	144	146
BP155_137_RCT_PM033_1_1_R1_subset	20.0	29.0	28.0	23.0	44.0	44.0	40.0	47.0	67.0	88.0	49.0	46.0	75.0	79.0	83.0	77.0	71.0	86.0	77.0	95.0	93.0	61.0	98.0	96.0	121.0	117.0	86.0	82.0	124.0	117.0	137.0	106.0	117.0	167.0	231.0	1412.0	8667.0	3542.0	17243.0
	146
BP155_137_RCT_PM033_1_1_R2_subset	33785.0
	70	72	74	76	78	80	82	84	86	88	90	92	94	96	98	100	102	104	106	108	110	112	114	116	118	120	122	124	126	128	130	132	134	136	138	140	142	144	146
BP161_143_RCT_PM040_1_1_R1_subset	34.0	95.0	98.0	128.0	150.0	109.0	120.0	159.0	186.0	216.0	132.0	135.0	191.0	218.0	229.0	201.0	166.0	186.0	255.0	240.0	216.0	166.0	200.0	292.0	290.0	297.0	245.0	233.0	348.0	381.0	355.0	271.0	314.0	474.0	733.0	4048.0	25498.0	9918.0	52473.0
	146
BP161_143_RCT_PM040_1_1_R2_subset	100000.0
	76	78	80	82	84	86	88	90	92	94	96	98	100	102	104	106	108	110	112	114	116	118	120	122	124	126	128	130	132	134	136	138	140	142	144	146
BP162_144_RCT_PM042_1_1_R1_subset	1.0	0.0	2.0	0.0	1.0	0.0	0.0	0.0	0.0	1.0	0.0	0.0	0.0	0.0	1.0	0.0	2.0	0.0	0.0	0.0	0.0	1.0	0.0	1.0	0.0	0.0	1.0	0.0	2.0	2.0	2.0	2.0	11.0	60.0	23.0	152.0
	146
BP162_144_RCT_PM042_1_1_R2_subset	265.0
	70	72	74	76	78	80	82	84	86	88	90	92	94	96	98	100	102	104	106	108	110	112	114	116	118	120	122	124	126	128	130	132	134	136	138	140	142	144	146
BP164_146_RCT_PM044_1_1_R1_subset	19.0	29.0	23.0	43.0	17.0	30.0	26.0	29.0	37.0	49.0	39.0	59.0	41.0	32.0	52.0	40.0	40.0	25.0	34.0	51.0	46.0	29.0	48.0	65.0	72.0	146.0	164.0	196.0	220.0	296.0	265.0	254.0	295.0	417.0	731.0	4228.0	26142.0	11617.0	54054.0
	146
BP164_146_RCT_PM044_1_1_R2_subset	100000.0
	70	72	74	76	78	80	82	84	86	88	90	92	94	96	98	100	102	104	106	108	110	112	114	116	118	120	122	124	126	128	130	132	134	136	138	140	142	144	146
BP167_149_RCT_PM048_1_1_R1_subset	44.0	75.0	50.0	123.0	112.0	97.0	89.0	104.0	146.0	186.0	141.0	149.0	139.0	142.0	210.0	150.0	120.0	150.0	217.0	264.0	226.0	141.0	160.0	231.0	225.0	267.0	202.0	300.0	371.0	409.0	354.0	336.0	375.0	515.0	802.0	4264.0	25033.0	10557.0	52524.0
	146
BP167_149_RCT_PM048_1_1_R2_subset	100000.0
	74	76	78	80	82	84	86	88	90	92	94	96	98	100	102	104	106	108	110	112	114	116	118	120	122	124	126	128	130	132	134	136	138	140	142
BP177_159_RCT_PM021_2_1_R1_subset	1.0	0.0	0.0	0.0	0.0	0.0	0.0	1.0	1.0	1.0	0.0	1.0	0.0	0.0	0.0	0.0	0.0	0.0	0.0	0.0	0.0	0.0	0.0	0.0	0.0	0.0	0.0	0.0	0.0	0.0	0.0	0.0	0.0	0.0	1.0
	146
BP177_159_RCT_PM021_2_1_R2_subset	6.0
	138	139	140	141	142	143	144	145	146
BP180_162_RCT_PM026_2_1_R1_subset	1.0	0.0	0.0	0.0	1.0	0.0	0.0	0.0	1.0
	146
BP180_162_RCT_PM026_2_1_R2_subset	3.0
	70	72	74	76	78	80	82	84	86	88	90	92	94	96	98	100	102	104	106	108	110	112	114	116	118	120	122	124	126	128	130	132	134	136	138	140	142	144	146
BP181_163_RCT_PM028_2_1_R1_subset	20.0	26.0	31.0	31.0	65.0	34.0	39.0	42.0	58.0	109.0	45.0	57.0	107.0	83.0	98.0	71.0	61.0	79.0	119.0	109.0	112.0	89.0	81.0	161.0	158.0	179.0	139.0	202.0	281.0	272.0	239.0	211.0	240.0	366.0	624.0	3790.0	26121.0	10326.0	55125.0
	146
BP181_163_RCT_PM028_2_1_R2_subset	100000.0
	70	72	74	76	78	80	82	84	86	88	90	92	94	96	98	100	102	104	106	108	110	112	114	116	118	120	122	124	126	128	130	132	134	136	138	140	142	144	146
BP186_167_RCT_PM034_2_1_R1_subset	22.0	29.0	22.0	26.0	34.0	30.0	26.0	55.0	49.0	52.0	49.0	40.0	66.0	59.0	72.0	49.0	44.0	59.0	78.0	72.0	80.0	55.0	76.0	80.0	81.0	94.0	66.0	85.0	98.0	100.0	125.0	96.0	107.0	163.0	206.0	1033.0	6898.0	2492.0	14656.0
	146
BP186_167_RCT_PM034_2_1_R2_subset	27524.0
	70	72	74	76	78	80	82	84	86	88	90	92	94	96	98	100	102	104	106	108	110	112	114	116	118	120	122	124	126	128	130	132	134	136	138	140	142	144	146
BP202_182_RCT_M010_V1_1_R1_subset	22.0	62.0	39.0	47.0	72.0	62.0	56.0	83.0	90.0	100.0	85.0	73.0	116.0	108.0	132.0	94.0	67.0	105.0	155.0	132.0	118.0	120.0	133.0	174.0	182.0	144.0	140.0	132.0	167.0	197.0	185.0	135.0	213.0	268.0	430.0	2599.0	18333.0	6722.0	37982.0
	146
BP202_182_RCT_M010_V1_1_R2_subset	70074.0
	70	72	74	76	78	80	82	84	86	88	90	92	94	96	98	100	102	104	106	108	110	112	114	116	118	120	122	124	126	128	130	132	134	136	138	140	142	144	146
BP204_184_RCT_M013_V1_1_R1_subset	16.0	22.0	29.0	36.0	44.0	39.0	47.0	85.0	104.0	109.0	100.0	98.0	130.0	156.0	170.0	124.0	115.0	177.0	206.0	194.0	201.0	145.0	177.0	234.0	256.0	217.0	183.0	200.0	291.0	287.0	268.0	213.0	270.0	394.0	590.0	3736.0	26055.0	9442.0	54840.0
	146
BP204_184_RCT_M013_V1_1_R2_subset	100000.0
	70	72	74	76	78	80	82	84	86	88	90	92	94	96	98	100	102	104	106	108	110	112	114	116	118	120	122	124	126	128	130	132	134	136	138	140	142	144	146
BP207_187_RCT_M026_V1_1_R1_subset	4.0	10.0	7.0	12.0	16.0	19.0	7.0	11.0	21.0	30.0	24.0	28.0	23.0	27.0	25.0	32.0	16.0	26.0	46.0	52.0	42.0	29.0	37.0	65.0	88.0	109.0	135.0	165.0	174.0	201.0	174.0	179.0	204.0	319.0	553.0	3670.0	26254.0	9968.0	57198.0
	146
BP207_187_RCT_M026_V1_1_R2_subset	100000.0
	70	72	74	76	78	80	82	84	86	88	90	92	94	96	98	100	102	104	106	108	110	112	114	116	118	120	122	124	126	128	130	132	134	136	138	140	142	144	146
BP213_193_RCT_M040_V1_1_R1_subset	61.0	94.0	99.0	117.0	176.0	153.0	144.0	192.0	238.0	257.0	182.0	186.0	271.0	313.0	270.0	239.0	201.0	280.0	352.0	365.0	254.0	244.0	293.0	382.0	414.0	379.0	264.0	287.0	425.0	458.0	412.0	321.0	396.0	489.0	705.0	3932.0	25281.0	9215.0	51659.0
	146
BP213_193_RCT_M040_V1_1_R2_subset	100000.0
	70	72	74	76	78	80	82	84	86	88	90	92	94	96	98	100	102	104	106	108	110	112	114	116	118	120	122	124	126	128	130	132	134	136	138	140	142	144	146
BP220_200_RCT_M048_T1_1_R1_subset	23.0	40.0	41.0	46.0	65.0	52.0	63.0	78.0	87.0	110.0	73.0	78.0	105.0	116.0	118.0	97.0	72.0	109.0	122.0	132.0	126.0	90.0	126.0	148.0	179.0	140.0	117.0	189.0	195.0	247.0	201.0	173.0	220.0	259.0	381.0	1969.0	12988.0	4177.0	25669.0
	146
BP220_200_RCT_M048_T1_1_R2_subset	49221.0
	70	72	74	76	78	80	82	84	86	88	90	92	94	96	98	100	102	104	106	108	110	112	114	116	118	120	122	124	126	128	130	132	134	136	138	140	142	144	146
BP221_201_RCT_M049_T1_1_R1_subset	42.0	59.0	59.0	70.0	111.0	90.0	92.0	117.0	115.0	161.0	98.0	106.0	122.0	181.0	159.0	115.0	113.0	155.0	194.0	176.0	180.0	137.0	143.0	202.0	233.0	195.0	166.0	216.0	248.0	275.0	238.0	188.0	240.0	332.0	447.0	2613.0	18430.0	7007.0	38709.0
	146
BP221_201_RCT_M049_T1_1_R2_subset	72534.0
	70	72	74	76	78	80	82	84	86	88	90	92	94	96	98	100	102	104	106	108	110	112	114	116	118	120	122	124	126	128	130	132	134	136	138	140	142	144	146
BP230_210_RCT_M060_T1_1_R1_subset	69.0	137.0	129.0	122.0	208.0	147.0	167.0	251.0	250.0	300.0	221.0	197.0	269.0	311.0	350.0	313.0	219.0	291.0	384.0	367.0	298.0	259.0	298.0	432.0	432.0	364.0	295.0	301.0	413.0	441.0	414.0	333.0	401.0	535.0	774.0	3917.0	24013.0	10422.0	50956.0
	146
BP230_210_RCT_M060_T1_1_R2_subset	100000.0
	70	72	74	76	78	80	82	84	86	88	90	92	94	96	98	100	102	104	106	108	110	112	114	116	118	120	122	124	126	128	130	132	134	136	138	140	142	144	146
BP239_218_RCT_M073_T1_1_R1_subset	29.0	59.0	68.0	60.0	69.0	84.0	64.0	92.0	119.0	152.0	117.0	100.0	148.0	136.0	140.0	132.0	113.0	148.0	189.0	199.0	194.0	133.0	146.0	229.0	207.0	219.0	217.0	230.0	310.0	308.0	314.0	269.0	358.0	458.0	673.0	3837.0	25373.0	10134.0	53603.0
	146
BP239_218_RCT_M073_T1_1_R2_subset	99430.0
	70	72	74	76	78	80	82	84	86	88	90	92	94	96	98	100	102	104	106	108	110	112	114	116	118	120	122	124	126	128	130	132	134	136	138	140	142	144	146
BP243_222_RCT_M077_T1_1_R1_subset	45.0	102.0	67.0	87.0	135.0	89.0	122.0	153.0	158.0	181.0	147.0	142.0	185.0	221.0	210.0	176.0	167.0	213.0	260.0	267.0	242.0	198.0	258.0	272.0	275.0	257.0	195.0	256.0	299.0	342.0	303.0	276.0	291.0	394.0	532.0	3483.0	22772.0	9648.0	49230.0
	146
BP243_222_RCT_M077_T1_1_R2_subset	92650.0
	70	72	74	76	78	80	82	84	86	88	90	92	94	96	98	100	102	104	106	108	110	112	114	116	118	120	122	124	126	128	130	132	134	136	138	140	142	144	146
BP247_226_RCT_M006_V2_1_R1_subset	69.0	139.0	119.0	148.0	178.0	157.0	159.0	223.0	276.0	301.0	239.0	194.0	249.0	332.0	327.0	241.0	245.0	296.0	365.0	358.0	299.0	239.0	293.0	354.0	378.0	349.0	293.0	314.0	420.0	451.0	428.0	363.0	374.0	476.0	669.0	3812.0	24314.0	9594.0	51965.0
	146
BP247_226_RCT_M006_V2_1_R2_subset	100000.0
	70	72	74	76	78	80	82	84	86	88	90	92	94	96	98	100	102	104	106	108	110	112	114	116	118	120	122	124	126	128	130	132	134	136	138	140	142	144	146
BP250_229_RCT_M013_T2_1_R1_subset	10.0	10.0	5.0	11.0	14.0	14.0	4.0	12.0	16.0	18.0	27.0	24.0	18.0	27.0	20.0	21.0	14.0	18.0	48.0	53.0	69.0	39.0	36.0	55.0	109.0	254.0	373.0	370.0	443.0	475.0	472.0	539.0	459.0	613.0	1172.0	4672.0	24678.0	9437.0	55351.0
	146
BP250_229_RCT_M013_T2_1_R2_subset	100000.0
	70	72	74	76	78	80	82	84	86	88	90	92	94	96	98	100	102	104	106	108	110	112	114	116	118	120	122	124	126	128	130	132	134	136	138	140	142	144	146
BP276_254_RCT_M062_T2_1_R1_subset	53.0	107.0	103.0	132.0	140.0	149.0	151.0	212.0	271.0	315.0	252.0	220.0	312.0	366.0	349.0	291.0	225.0	281.0	393.0	485.0	395.0	326.0	332.0	459.0	492.0	461.0	385.0	409.0	587.0	635.0	609.0	447.0	550.0	673.0	913.0	4154.0	23874.0	9864.0	49628.0
	146
BP276_254_RCT_M062_T2_1_R2_subset	100000.0
	70	72	74	76	78	80	82	84	86	88	90	92	94	96	98	100	102	104	106	108	110	112	114	116	118	120	122	124	126	128	130	132	134	136	138	140	142	144	146
BP277_255_RCT_M064_T2_1_R1_subset	13.0	40.0	29.0	52.0	66.0	62.0	59.0	84.0	78.0	122.0	78.0	63.0	105.0	139.0	126.0	106.0	95.0	116.0	152.0	153.0	120.0	102.0	115.0	156.0	209.0	161.0	144.0	139.0	210.0	193.0	189.0	164.0	203.0	296.0	393.0	2696.0	18881.0	7102.0	40019.0
	146
BP277_255_RCT_M064_T2_1_R2_subset	73230.0
	70	72	74	76	78	80	82	84	86	88	90	92	94	96	98	100	102	104	106	108	110	112	114	116	118	120	122	124	126	128	130	132	134	136	138	140	142	144	146
BP285_263_RCT_M080_T2_1_R1_subset	36.0	77.0	87.0	115.0	128.0	129.0	132.0	153.0	195.0	231.0	165.0	163.0	217.0	247.0	258.0	186.0	197.0	236.0	283.0	310.0	268.0	220.0	249.0	296.0	381.0	327.0	234.0	291.0	364.0	409.0	398.0	341.0	361.0	550.0	804.0	3932.0	25151.0	9410.0	52469.0
	146
BP285_263_RCT_M080_T2_1_R2_subset	100000.0
	70	72	74	76	78	80	82	84	86	88	90	92	94	96	98	100	102	104	106	108	110	112	114	116	118	120	122	124	126	128	130	132	134	136	138	140	142	144	146
BP288_266_RCT_M010_V3_1_R1_subset	4.0	7.0	3.0	7.0	12.0	1.0	5.0	4.0	7.0	11.0	9.0	15.0	22.0	8.0	9.0	15.0	10.0	15.0	21.0	35.0	32.0	15.0	19.0	44.0	112.0	178.0	173.0	209.0	234.0	265.0	235.0	219.0	247.0	394.0	566.0	3921.0	25652.0	10280.0	56985.0
	146
BP288_266_RCT_M010_V3_1_R2_subset	100000.0
	70	72	74	76	78	80	82	84	86	88	90	92	94	96	98	100	102	104	106	108	110	112	114	116	118	120	122	124	126	128	130	132	134	136	138	140	142	144	146
BP293_271_RCT_M026_V3_1_R1_subset	35.0	63.0	39.0	47.0	85.0	76.0	69.0	87.0	107.0	127.0	107.0	77.0	117.0	164.0	150.0	105.0	109.0	136.0	172.0	199.0	133.0	119.0	151.0	201.0	208.0	161.0	129.0	120.0	206.0	260.0	209.0	152.0	213.0	288.0	426.0	2993.0	21433.0	8493.0	45794.0
	146
BP293_271_RCT_M026_V3_1_R2_subset	83760.0
	70	72	74	76	78	80	82	84	86	88	90	92	94	96	98	100	102	104	106	108	110	112	114	116	118	120	122	124	126	128	130	132	134	136	138	140	142	144	146
BP294_272_RCT_M027_T3_1_R1_subset	1.0	0.0	2.0	0.0	2.0	2.0	0.0	1.0	3.0	2.0	1.0	2.0	4.0	6.0	5.0	4.0	11.0	18.0	40.0	48.0	54.0	41.0	86.0	89.0	88.0	117.0	138.0	225.0	237.0	227.0	192.0	251.0	300.0	408.0	494.0	3364.0	23350.0	9407.0	50006.0
	146
BP294_272_RCT_M027_T3_1_R2_subset	89226.0
	70	72	74	76	78	80	82	84	86	88	90	92	94	96	98	100	102	104	106	108	110	112	114	116	118	120	122	124	126	128	130	132	134	136	138	140	142	144	146
BP300_278_RCT_M041_V3_1_R1_subset	39.0	91.0	85.0	118.0	147.0	153.0	146.0	181.0	230.0	318.0	213.0	182.0	226.0	309.0	311.0	223.0	203.0	266.0	337.0	393.0	306.0	243.0	314.0	392.0	448.0	375.0	306.0	317.0	396.0	515.0	452.0	364.0	393.0	544.0	683.0	2603.0	12221.0	4864.0	24064.0
	146
BP300_278_RCT_M041_V3_1_R2_subset	53971.0
	70	72	74	76	78	80	82	84	86	88	90	92	94	96	98	100	102	104	106	108	110	112	114	116	118	120	122	124	126	128	130	132	134	136	138	140	142	144	146
BP309_287_REC_M050_T3_1_R1_subset	63.0	92.0	93.0	119.0	128.0	137.0	111.0	156.0	207.0	241.0	183.0	144.0	205.0	244.0	256.0	219.0	172.0	231.0	275.0	273.0	240.0	183.0	255.0	321.0	399.0	301.0	228.0	253.0	336.0	362.0	359.0	251.0	316.0	436.0	648.0	3961.0	25344.0	9780.0	52478.0
	146
BP309_287_REC_M050_T3_1_R2_subset	100000.0
	70	72	74	76	78	80	82	84	86	88	90	92	94	96	98	100	102	104	106	108	110	112	114	116	118	120	122	124	126	128	130	132	134	136	138	140	142	144	146
BP311_289_RCT_M054_T3_1_R1_subset	35.0	59.0	70.0	86.0	88.0	90.0	79.0	126.0	163.0	184.0	135.0	130.0	174.0	202.0	174.0	193.0	125.0	164.0	261.0	238.0	187.0	163.0	185.0	258.0	273.0	247.0	219.0	236.0	331.0	360.0	359.0	272.0	314.0	436.0	668.0	3699.0	25157.0	9778.0	54082.0
	146
BP311_289_RCT_M054_T3_1_R2_subset	100000.0
	70	72	74	76	78	80	82	84	86	88	90	92	94	96	98	100	102	104	106	108	110	112	114	116	118	120	122	124	126	128	130	132	134	136	138	140	142	144	146
BP317_294_RCT_M059_T3_1_R1_subset	45.0	75.0	78.0	87.0	115.0	115.0	123.0	154.0	186.0	183.0	162.0	139.0	171.0	230.0	270.0	189.0	146.0	219.0	276.0	277.0	224.0	197.0	262.0	296.0	346.0	273.0	220.0	278.0	336.0	366.0	348.0	279.0	336.0	524.0	727.0	3889.0	25251.0	9826.0	52782.0
	146
BP317_294_RCT_M059_T3_1_R2_subset	100000.0
	70	72	74	76	78	80	82	84	86	88	90	92	94	96	98	100	102	104	106	108	110	112	114	116	118	120	122	124	126	128	130	132	134	136	138	140	142	144	146
BP319_296_RCT_M061_T3_1_R1_subset	33.0	48.0	41.0	51.0	64.0	67.0	61.0	83.0	113.0	129.0	113.0	91.0	141.0	134.0	126.0	120.0	93.0	117.0	169.0	207.0	160.0	120.0	140.0	182.0	208.0	272.0	220.0	313.0	357.0	366.0	352.0	302.0	364.0	478.0	699.0	3772.0	25738.0	9126.0	54830.0
	146
BP319_296_RCT_M061_T3_1_R2_subset	100000.0
	70	72	74	76	78	80	82	84	86	88	90	92	94	96	98	100	102	104	106	108	110	112	114	116	118	120	122	124	126	128	130	132	134	136	138	140	142	144	146
BP320_297_RECT_M062_T3_1_R1_subset	38.0	60.0	66.0	72.0	101.0	83.0	97.0	120.0	156.0	147.0	122.0	102.0	140.0	163.0	175.0	115.0	129.0	151.0	206.0	221.0	168.0	144.0	183.0	208.0	241.0	232.0	178.0	204.0	263.0	294.0	281.0	207.0	299.0	390.0	581.0	3722.0	25479.0	10459.0	54003.0
	146
BP320_297_RECT_M062_T3_1_R2_subset	100000.0
	70	72	74	76	78	80	82	84	86	88	90	92	94	96	98	100	102	104	106	108	110	112	114	116	118	120	122	124	126	128	130	132	134	136	138	140	142	144	146
BP323_300_RCT_M068_T3_1_R1_subset	65.0	139.0	146.0	166.0	233.0	193.0	202.0	270.0	353.0	370.0	258.0	245.0	332.0	382.0	392.0	341.0	268.0	342.0	421.0	455.0	369.0	332.0	346.0	530.0	518.0	406.0	323.0	426.0	519.0	576.0	530.0	406.0	459.0	629.0	875.0	3935.0	23636.0	9506.0	50106.0
	146
BP323_300_RCT_M068_T3_1_R2_subset	100000.0
	70	72	74	76	78	80	82	84	86	88	90	92	94	96	98	100	102	104	106	108	110	112	114	116	118	120	122	124	126	128	130	132	134	136	138	140	142	144	146
BP324_301_RCT_M071_T3_1_R1_subset	32.0	58.0	56.0	75.0	83.0	73.0	80.0	122.0	144.0	157.0	136.0	112.0	166.0	170.0	183.0	153.0	135.0	179.0	227.0	189.0	195.0	165.0	184.0	251.0	282.0	257.0	180.0	219.0	276.0	297.0	278.0	217.0	321.0	415.0	623.0	4026.0	25588.0	11877.0	51819.0
	146
BP324_301_RCT_M071_T3_1_R2_subset	100000.0
	70	72	74	76	78	80	82	84	86	88	90	92	94	96	98	100	102	104	106	108	110	112	114	116	118	120	122	124	126	128	130	132	134	136	138	140	142	144	146
BP341_318_RECT_M028_PP_1_R1_subset	43.0	86.0	85.0	120.0	155.0	123.0	120.0	162.0	190.0	244.0	170.0	148.0	207.0	269.0	249.0	186.0	163.0	195.0	254.0	264.0	247.0	191.0	223.0	296.0	295.0	283.0	225.0	247.0	338.0	362.0	339.0	256.0	321.0	471.0	631.0	3712.0	25577.0	9232.0	53321.0
	146
BP341_318_RECT_M028_PP_1_R2_subset	100000.0
	70	72	74	76	78	80	82	84	86	88	90	92	94	96	98	100	102	104	106	108	110	112	114	116	118	120	122	124	126	128	130	132	134	136	138	140	142	144	146
BP350_327_RCT_M048_PP_1_R1_subset	57.0	126.0	114.0	120.0	160.0	143.0	139.0	179.0	222.0	219.0	153.0	149.0	205.0	209.0	228.0	189.0	192.0	200.0	268.0	272.0	213.0	176.0	204.0	300.0	315.0	260.0	220.0	230.0	284.0	280.0	310.0	259.0	316.0	387.0	601.0	3105.0	19789.0	7459.0	39971.0
	146
BP350_327_RCT_M048_PP_1_R2_subset	78223.0
	70	72	74	76	78	80	82	84	86	88	90	92	94	96	98	100	102	104	106	108	110	112	114	116	118	120	122	124	126	128	130	132	134	136	138	140	142	144	146
BP358_335_RCT_M058_PP_1_R1_subset	17.0	19.0	21.0	33.0	42.0	30.0	39.0	62.0	66.0	95.0	70.0	50.0	81.0	95.0	100.0	77.0	74.0	80.0	105.0	107.0	100.0	75.0	83.0	123.0	138.0	100.0	91.0	73.0	129.0	142.0	135.0	105.0	133.0	192.0	260.0	1597.0	11138.0	4202.0	23457.0
	146
BP358_335_RCT_M058_PP_1_R2_subset	43536.0
	70	72	74	76	78	80	82	84	86	88	90	92	94	96	98	100	102	104	106	108	110	112	114	116	118	120	122	124	126	128	130	132	134	136	138	140	142	144	146
BP359_336_RCT_M059_PP_1_R1_subset	2.0	1.0	6.0	4.0	3.0	5.0	5.0	5.0	3.0	5.0	10.0	6.0	6.0	5.0	4.0	3.0	6.0	7.0	10.0	23.0	19.0	5.0	7.0	17.0	42.0	71.0	64.0	85.0	104.0	107.0	119.0	93.0	129.0	162.0	275.0	2102.0	14545.0	5995.0	31569.0
	146
BP359_336_RCT_M059_PP_1_R2_subset	55629.0
	70	72	74	76	78	80	82	84	86	88	90	92	94	96	98	100	102	104	106	108	110	112	114	116	118	120	122	124	126	128	130	132	134	136	138	140	142	144	146
BP361_338_RCT_M061_PP_1_R1_subset	6.0	17.0	21.0	17.0	20.0	29.0	21.0	34.0	32.0	48.0	36.0	27.0	48.0	65.0	51.0	41.0	27.0	46.0	76.0	71.0	65.0	54.0	55.0	84.0	84.0	78.0	68.0	94.0	114.0	131.0	135.0	127.0	144.0	242.0	369.0	2367.0	17042.0	6024.0	35661.0
	146
BP361_338_RCT_M061_PP_1_R2_subset	63671.0
	70	72	74	76	78	80	82	84	86	88	90	92	94	96	98	100	102	104	106	108	110	112	114	116	118	120	122	124	126	128	130	132	134	136	138	140	142	144	146
BP365_342_RCT_M068_PP_1_R1_subset	41.0	69.0	83.0	108.0	125.0	114.0	95.0	151.0	177.0	224.0	160.0	145.0	202.0	213.0	224.0	173.0	154.0	185.0	281.0	246.0	194.0	192.0	219.0	285.0	330.0	268.0	228.0	255.0	318.0	364.0	343.0	284.0	320.0	426.0	718.0	3943.0	25019.0	9659.0	53465.0
	146
BP365_342_RCT_M068_PP_1_R2_subset	100000.0
	70	72	74	76	78	80	82	84	86	88	90	92	94	96	98	100	102	104	106	108	110	112	114	116	118	120	122	124	126	128	130	132	134	136	138	140	142	144	146
BP367_344_RCT_M072_PP_1_R1_subset	37.0	91.0	78.0	82.0	154.0	121.0	119.0	162.0	169.0	223.0	145.0	139.0	200.0	236.0	252.0	215.0	159.0	215.0	257.0	298.0	232.0	190.0	239.0	310.0	319.0	309.0	216.0	269.0	275.0	336.0	345.0	258.0	294.0	389.0	646.0	3775.0	25777.0	9639.0	52830.0
	146
BP367_344_RCT_M072_PP_1_R2_subset	100000.0
	70	72	74	76	78	80	82	84	86	88	90	92	94	96	98	100	102	104	106	108	110	112	114	116	118	120	122	124	126	128	130	132	134	136	138	140	142	144	146
BP368_345_RCT_M073_PP_1_R1_subset	18.0	30.0	23.0	28.0	24.0	27.0	19.0	39.0	42.0	49.0	29.0	34.0	43.0	52.0	53.0	48.0	31.0	56.0	59.0	66.0	76.0	63.0	61.0	78.0	91.0	81.0	70.0	62.0	99.0	100.0	116.0	116.0	121.0	143.0	236.0	1346.0	8990.0	3595.0	19284.0
	146
BP368_345_RCT_M073_PP_1_R2_subset	35498.0
	70	72	74	76	78	80	82	84	86	88	90	92	94	96	98	100	102	104	106	108	110	112	114	116	118	120	122	124	126	128	130	132	134	136	138	140	142	144	146
BP371_348_RCT_M076_PP_1_R1_subset	38.0	100.0	77.0	97.0	131.0	109.0	129.0	145.0	207.0	223.0	158.0	128.0	174.0	213.0	265.0	192.0	132.0	206.0	263.0	268.0	243.0	188.0	225.0	278.0	330.0	285.0	204.0	199.0	282.0	355.0	329.0	265.0	283.0	431.0	605.0	3824.0	25510.0	9586.0	53323.0
	146
BP371_348_RCT_M076_PP_1_R2_subset	100000.0
	70	72	74	76	78	80	82	84	86	88	90	92	94	96	98	100	102	104	106	108	110	112	114	116	118	120	122	124	126	128	130	132	134	136	138	140	142	144	146
BP376_353_RCT_M013_SV1_1_R1_subset	38.0	82.0	97.0	128.0	147.0	101.0	118.0	171.0	227.0	247.0	178.0	156.0	200.0	245.0	268.0	201.0	174.0	210.0	304.0	295.0	214.0	185.0	255.0	331.0	351.0	311.0	226.0	222.0	343.0	366.0	340.0	302.0	328.0	514.0	672.0	3788.0	25423.0	9247.0	52995.0
	146
BP376_353_RCT_M013_SV1_1_R2_subset	100000.0
	70	72	74	76	78	80	82	84	86	88	90	92	94	96	98	100	102	104	106	108	110	112	114	116	118	120	122	124	126	128	130	132	134	136	138	140	142	144	146
BP389_365_RCT_M043_SV1_1_R1_subset	61.0	127.0	110.0	112.0	167.0	149.0	165.0	246.0	261.0	281.0	241.0	233.0	274.0	325.0	308.0	283.0	254.0	326.0	383.0	353.0	317.0	292.0	347.0	381.0	431.0	424.0	328.0	342.0	401.0	448.0	449.0	356.0	411.0	585.0	978.0	4513.0	24519.0	10109.0	49710.0
	146
BP389_365_RCT_M043_SV1_1_R2_subset	100000.0
	70	72	74	76	78	80	82	84	86	88	90	92	94	96	98	100	102	104	106	108	110	112	114	116	118	120	122	124	126	128	130	132	134	136	138	140	142	144	146
BP391_367_RCT_M045_SV1_1_R1_subset	8.0	19.0	8.0	28.0	27.0	28.0	25.0	31.0	41.0	84.0	48.0	41.0	59.0	48.0	60.0	66.0	39.0	72.0	87.0	86.0	89.0	69.0	56.0	92.0	132.0	121.0	156.0	206.0	217.0	224.0	241.0	198.0	262.0	353.0	618.0	3759.0	26265.0	9386.0	56651.0
	146
BP391_367_RCT_M045_SV1_1_R2_subset	100000.0
	70	72	74	76	78	80	82	84	86	88	90	92	94	96	98	100	102	104	106	108	110	112	114	116	118	120	122	124	126	128	130	132	134	136	138	140	142	144	146
BP396_372_RCT_M050_SV1_1_R1_subset	35.0	65.0	59.0	78.0	90.0	109.0	86.0	125.0	152.0	192.0	133.0	116.0	165.0	203.0	213.0	173.0	162.0	206.0	248.0	268.0	220.0	163.0	191.0	249.0	272.0	277.0	213.0	226.0	304.0	284.0	271.0	230.0	309.0	414.0	563.0	3636.0	25914.0	9165.0	54221.0
	146
BP396_372_RCT_M050_SV1_1_R2_subset	100000.0
	70	72	74	76	78	80	82	84	86	88	90	92	94	96	98	100	102	104	106	108	110	112	114	116	118	120	122	124	126	128	130	132	134	136	138	140	142	144	146
BP398_374_RCT_M054_SV1_1_R1_subset	34.0	33.0	42.0	33.0	49.0	51.0	43.0	68.0	58.0	85.0	54.0	49.0	73.0	96.0	79.0	72.0	50.0	82.0	85.0	74.0	81.0	76.0	85.0	98.0	109.0	93.0	79.0	80.0	97.0	129.0	125.0	127.0	111.0	153.0	220.0	1341.0	7491.0	2905.0	15550.0
	146
BP398_374_RCT_M054_SV1_1_R2_subset	30160.0
	70	72	74	76	78	80	82	84	86	88	90	92	94	96	98	100	102	104	106	108	110	112	114	116	118	120	122	124	126	128	130	132	134	136	138	140	142	144	146
BP402_378_RCT_M058_SV1_1_R1_subset	24.0	54.0	45.0	56.0	67.0	47.0	87.0	91.0	109.0	125.0	105.0	76.0	102.0	134.0	148.0	105.0	95.0	127.0	167.0	181.0	115.0	140.0	118.0	179.0	166.0	162.0	154.0	164.0	204.0	239.0	201.0	192.0	194.0	335.0	468.0	2986.0	21004.0	7838.0	45543.0
	146
BP402_378_RCT_M058_SV1_1_R2_subset	82347.0
	70	72	74	76	78	80	82	84	86	88	90	92	94	96	98	100	102	104	106	108	110	112	114	116	118	120	122	124	126	128	130	132	134	136	138	140	142	144	146
BP403_379_RCT_M060_SV1_1_R1_subset	32.0	42.0	52.0	73.0	66.0	73.0	51.0	119.0	132.0	146.0	98.0	90.0	153.0	144.0	148.0	102.0	97.0	108.0	148.0	186.0	159.0	126.0	125.0	195.0	195.0	170.0	164.0	201.0	229.0	228.0	253.0	237.0	261.0	363.0	540.0	3583.0	24907.0	9181.0	53149.0
	146
BP403_379_RCT_M060_SV1_1_R2_subset	96326.0
	70	72	74	76	78	80	82	84	86	88	90	92	94	96	98	100	102	104	106	108	110	112	114	116	118	120	122	124	126	128	130	132	134	136	138	140	142	144	146
BP411_387_RCT_M074_SV1_1_R1_subset	57.0	102.0	77.0	112.0	128.0	123.0	126.0	172.0	206.0	235.0	185.0	155.0	213.0	248.0	274.0	178.0	181.0	226.0	263.0	311.0	260.0	187.0	244.0	320.0	328.0	274.0	231.0	263.0	294.0	384.0	345.0	282.0	340.0	466.0	646.0	4224.0	24748.0	11129.0	51463.0
	146
BP411_387_RCT_M074_SV1_1_R2_subset	100000.0
	70	72	74	76	78	80	82	84	86	88	90	92	94	96	98	100	102	104	106	108	110	112	114	116	118	120	122	124	126	128	130	132	134	136	138	140	142	144	146
BP413_389_RCT_M076_SV1_1_R1_subset	2.0	2.0	5.0	4.0	4.0	2.0	3.0	9.0	5.0	9.0	8.0	11.0	14.0	8.0	6.0	6.0	10.0	6.0	15.0	24.0	27.0	13.0	22.0	43.0	49.0	110.0	135.0	127.0	176.0	212.0	211.0	189.0	231.0	323.0	484.0	3736.0	25948.0	10346.0	55437.0
	146
BP413_389_RCT_M076_SV1_1_R2_subset	97972.0
	70	72	74	76	78	80	82	84	86	88	90	92	94	96	98	100	102	104	106	108	110	112	114	116	118	120	122	124	126	128	130	132	134	136	138	140	142	144	146
BP418_394_REC_PM027_V1_1_R1_subset	30.0	55.0	66.0	67.0	125.0	81.0	72.0	116.0	127.0	205.0	108.0	116.0	152.0	159.0	177.0	161.0	115.0	146.0	223.0	236.0	188.0	151.0	152.0	226.0	235.0	203.0	175.0	208.0	329.0	321.0	304.0	210.0	275.0	344.0	501.0	3816.0	24886.0	10320.0	54619.0
	146
BP418_394_REC_PM027_V1_1_R2_subset	100000.0
	70	72	74	76	78	80	82	84	86	88	90	92	94	96	98	100	102	104	106	108	110	112	114	116	118	120	122	124	126	128	130	132	134	136	138	140	142	144	146
BP419_395_RCT_M012_SV2_1-1_R1_subset	1.0	4.0	1.0	2.0	1.0	2.0	2.0	1.0	3.0	4.0	3.0	6.0	5.0	3.0	5.0	12.0	5.0	6.0	11.0	18.0	12.0	14.0	7.0	28.0	83.0	166.0	154.0	193.0	229.0	230.0	227.0	172.0	258.0	330.0	494.0	3712.0	26480.0	9864.0	57252.0
	146
BP419_395_RCT_M012_SV2_1-1_R2_subset	100000.0
	70	72	74	76	78	80	82	84	86	88	90	92	94	96	98	100	102	104	106	108	110	112	114	116	118	120	122	124	126	128	130	132	134	136	138	140	142	144	146
BP427_403_RCT_M032_SV2_1_R1_subset	35.0	62.0	63.0	75.0	99.0	81.0	92.0	127.0	133.0	151.0	110.0	95.0	142.0	152.0	161.0	140.0	112.0	148.0	207.0	220.0	149.0	159.0	158.0	214.0	242.0	207.0	182.0	195.0	232.0	277.0	262.0	244.0	262.0	433.0	562.0	3619.0	25142.0	10163.0	54893.0
	146
BP427_403_RCT_M032_SV2_1_R2_subset	100000.0
	70	72	74	76	78	80	82	84	86	88	90	92	94	96	98	100	102	104	106	108	110	112	114	116	118	120	122	124	126	128	130	132	134	136	138	140	142	144	146
BP431_407_RCT_M042_SV2_1_R1_subset	38.0	102.0	78.0	86.0	116.0	107.0	106.0	144.0	167.0	205.0	148.0	140.0	181.0	232.0	223.0	167.0	155.0	207.0	253.0	268.0	212.0	173.0	206.0	280.0	301.0	242.0	194.0	198.0	295.0	307.0	312.0	253.0	302.0	410.0	585.0	3259.0	21002.0	8652.0	43476.0
	146
BP431_407_RCT_M042_SV2_1_R2_subset	83782.0
	70	72	74	76	78	80	82	84	86	88	90	92	94	96	98	100	102	104	106	108	110	112	114	116	118	120	122	124	126	128	130	132	134	136	138	140	142	144	146
BP453_428_RCT_M075_SV2_1_R1_subset	15.0	26.0	20.0	31.0	52.0	37.0	37.0	54.0	51.0	64.0	61.0	43.0	68.0	72.0	97.0	72.0	51.0	73.0	105.0	116.0	89.0	55.0	83.0	97.0	134.0	124.0	98.0	117.0	147.0	163.0	171.0	124.0	186.0	236.0	396.0	2176.0	16132.0	6152.0	34009.0
	146
BP453_428_RCT_M075_SV2_1_R2_subset	61834.0
	70	72	74	76	78	80	82	84	86	88	90	92	94	96	98	100	102	104	106	108	110	112	114	116	118	120	122	124	126	128	130	132	134	136	138	140	142	144	146
BP455_430_RCT_M077_SV2_1_R1_subset	57.0	135.0	103.0	113.0	183.0	148.0	181.0	229.0	268.0	327.0	256.0	192.0	272.0	342.0	368.0	257.0	226.0	280.0	390.0	395.0	326.0	281.0	353.0	429.0	502.0	415.0	298.0	376.0	472.0	552.0	458.0	357.0	392.0	612.0	920.0	4683.0	23109.0	12119.0	48624.0
	146
BP455_430_RCT_M077_SV2_1_R2_subset	100000.0
	70	72	74	76	78	80	82	84	86	88	90	92	94	96	98	100	102	104	106	108	110	112	114	116	118	120	122	124	126	128	130	132	134	136	138	140	142	144	146
BP456_431_RCT_M078_SV2_1_R1_subset	16.0	50.0	32.0	52.0	61.0	47.0	43.0	59.0	87.0	110.0	86.0	92.0	90.0	93.0	94.0	89.0	62.0	86.0	116.0	127.0	126.0	82.0	88.0	161.0	141.0	170.0	174.0	246.0	271.0	327.0	266.0	211.0	291.0	441.0	597.0	3778.0	25692.0	10146.0	55300.0
	146
BP456_431_RCT_M078_SV2_1_R2_subset	100000.0
	70	72	74	76	78	80	82	84	86	88	90	92	94	96	98	100	102	104	106	108	110	112	114	116	118	120	122	124	126	128	130	132	134	136	138	140	142	144	146
BP457_432_RCT_M080_SV2_1_R1_subset	45.0	113.0	89.0	87.0	156.0	126.0	146.0	195.0	207.0	231.0	186.0	163.0	212.0	261.0	281.0	219.0	200.0	217.0	293.0	277.0	301.0	190.0	263.0	284.0	360.0	314.0	247.0	280.0	344.0	352.0	356.0	298.0	375.0	488.0	687.0	3942.0	25645.0	9019.0	52551.0
	146
BP457_432_RCT_M080_SV2_1_R2_subset	100000.0
	70	72	74	76	78	80	82	84	86	88	90	92	94	96	98	100	102	104	106	108	110	112	114	116	118	120	122	124	126	128	130	132	134	136	138	140	142	144	146
BP458_433_RCT_M002_SV3_1_R1_subset	43.0	83.0	75.0	101.0	122.0	96.0	91.0	139.0	168.0	190.0	143.0	104.0	170.0	191.0	214.0	152.0	128.0	177.0	223.0	243.0	185.0	154.0	196.0	220.0	265.0	243.0	154.0	191.0	235.0	296.0	254.0	198.0	251.0	392.0	549.0	3661.0	25252.0	10162.0	54289.0
	146
BP458_433_RCT_M002_SV3_1_R2_subset	100000.0
	70	72	74	76	78	80	82	84	86	88	90	92	94	96	98	100	102	104	106	108	110	112	114	116	118	120	122	124	126	128	130	132	134	136	138	140	142	144	146
BP469_444_RCT_M040_SV3_1_R1_subset	33.0	62.0	74.0	86.0	94.0	103.0	95.0	147.0	142.0	175.0	130.0	113.0	135.0	178.0	203.0	150.0	140.0	171.0	216.0	215.0	202.0	184.0	212.0	221.0	257.0	240.0	202.0	211.0	244.0	314.0	266.0	217.0	284.0	393.0	596.0	3662.0	26500.0	9078.0	54055.0
	146
BP469_444_RCT_M040_SV3_1_R2_subset	100000.0
	70	72	74	76	78	80	82	84	86	88	90	92	94	96	98	100	102	104	106	108	110	112	114	116	118	120	122	124	126	128	130	132	134	136	138	140	142	144	146
BP472_447_RCT_M044_SV3_1_R1_subset	42.0	97.0	80.0	96.0	113.0	98.0	105.0	157.0	168.0	224.0	139.0	129.0	202.0	207.0	246.0	172.0	121.0	218.0	272.0	261.0	187.0	176.0	212.0	273.0	264.0	230.0	203.0	218.0	304.0	360.0	329.0	246.0	306.0	441.0	648.0	3727.0	25449.0	9395.0	53885.0
	146
BP472_447_RCT_M044_SV3_1_R2_subset	100000.0
	70	72	74	76	78	80	82	84	86	88	90	92	94	96	98	100	102	104	106	108	110	112	114	116	118	120	122	124	126	128	130	132	134	136	138	140	142	144	146
BP473_448_RCT_M047_SV3_1_R1_subset	20.0	47.0	44.0	57.0	78.0	69.0	60.0	104.0	117.0	127.0	91.0	73.0	121.0	151.0	143.0	121.0	69.0	138.0	151.0	173.0	135.0	121.0	125.0	192.0	229.0	179.0	115.0	172.0	216.0	247.0	217.0	163.0	227.0	333.0	487.0	3453.0	26609.0	9768.0	55058.0
	146
BP473_448_RCT_M047_SV3_1_R2_subset	100000.0
	70	72	74	76	78	80	82	84	86	88	90	92	94	96	98	100	102	104	106	108	110	112	114	116	118	120	122	124	126	128	130	132	134	136	138	140	142	144	146
BP474_449_RCT_M048_SV3_1_R1_subset	132.0	202.0	214.0	248.0	307.0	248.0	247.0	337.0	398.0	461.0	316.0	291.0	382.0	467.0	488.0	388.0	332.0	382.0	509.0	507.0	444.0	321.0	435.0	501.0	512.0	480.0	378.0	397.0	528.0	580.0	503.0	446.0	533.0	651.0	941.0	4263.0	23482.0	9771.0	47978.0
	146
BP474_449_RCT_M048_SV3_1_R2_subset	100000.0
	70	72	74	76	78	80	82	84	86	88	90	92	94	96	98	100	102	104	106	108	110	112	114	116	118	120	122	124	126	128	130	132	134	136	138	140	142	144	146
BP484_459_RCT_M061_SV3_1_R1_subset	17.0	26.0	25.0	24.0	44.0	46.0	43.0	36.0	58.0	73.0	50.0	48.0	64.0	57.0	54.0	64.0	60.0	63.0	107.0	109.0	95.0	65.0	82.0	89.0	125.0	114.0	121.0	130.0	183.0	214.0	182.0	148.0	188.0	330.0	476.0	2713.0	16349.0	6519.0	34547.0
	146
BP484_459_RCT_M061_SV3_1_R2_subset	63738.0
	70	72	74	76	78	80	82	84	86	88	90	92	94	96	98	100	102	104	106	108	110	112	114	116	118	120	122	124	126	128	130	132	134	136	138	140	142	144	146
BP494_469_RCT_M077_SV3_1_R1_subset	9.0	17.0	7.0	7.0	18.0	11.0	16.0	27.0	28.0	34.0	15.0	21.0	28.0	43.0	42.0	25.0	33.0	31.0	57.0	64.0	47.0	36.0	46.0	61.0	77.0	70.0	67.0	84.0	103.0	122.0	112.0	100.0	136.0	201.0	329.0	2437.0	12630.0	8646.0	28775.0
	146
BP494_469_RCT_M077_SV3_1_R2_subset	54612.0
	70	72	74	76	78	80	82	84	86	88	90	92	94	96	98	100	102	104	106	108	110	112	114	116	118	120	122	124	126	128	130	132	134	136	138	140	142	144	146
BP495_470_RCT_M079_SV3_1_R1_subset	16.0	52.0	39.0	33.0	40.0	40.0	56.0	65.0	81.0	87.0	80.0	71.0	73.0	95.0	110.0	97.0	70.0	101.0	133.0	119.0	95.0	82.0	118.0	125.0	145.0	128.0	110.0	118.0	155.0	170.0	143.0	149.0	166.0	179.0	292.0	1938.0	12958.0	4824.0	26355.0
	146
BP495_470_RCT_M079_SV3_1_R2_subset	49708.0
	70	72	74	76	78	80	82	84	86	88	90	92	94	96	98	100	102	104	106	108	110	112	114	116	118	120	122	124	126	128	130	132	134	136	138	140	142	144	146
BP496_471_RCT_M080_SV3_1_R1_subset	58.0	148.0	119.0	131.0	179.0	151.0	186.0	228.0	254.0	298.0	232.0	195.0	277.0	280.0	325.0	235.0	232.0	265.0	343.0	346.0	283.0	246.0	323.0	377.0	409.0	342.0	267.0	314.0	381.0	410.0	370.0	312.0	374.0	434.0	618.0	3650.0	25254.0	8761.0	52393.0
	146
BP496_471_RCT_M080_SV3_1_R2_subset	100000.0
	70	72	74	76	78	80	82	84	86	88	90	92	94	96	98	100	102	104	106	108	110	112	114	116	118	120	122	124	126	128	130	132	134	136	138	140	142	144	146
BP507_482_RECT_M042_SV4_1_R1_subset	45.0	71.0	53.0	67.0	94.0	83.0	84.0	125.0	166.0	177.0	132.0	113.0	178.0	188.0	193.0	166.0	110.0	174.0	206.0	244.0	222.0	177.0	213.0	256.0	291.0	272.0	235.0	273.0	310.0	360.0	353.0	313.0	327.0	495.0	750.0	4030.0	25293.0	9949.0	53212.0
	146
BP507_482_RECT_M042_SV4_1_R2_subset	100000.0
	70	72	74	76	78	80	82	84	86	88	90	92	94	96	98	100	102	104	106	108	110	112	114	116	118	120	122	124	126	128	130	132	134	136	138	140	142	144	146
BP513_488_RCT_M054_SV4_1_R1_subset	19.0	42.0	47.0	56.0	87.0	72.0	83.0	110.0	136.0	176.0	129.0	122.0	174.0	211.0	214.0	168.0	138.0	173.0	247.0	271.0	209.0	184.0	210.0	275.0	283.0	226.0	208.0	245.0	332.0	325.0	325.0	253.0	283.0	404.0	623.0	3811.0	25048.0	9954.0	54127.0
	146
BP513_488_RCT_M054_SV4_1_R2_subset	100000.0
	70	72	74	76	78	80	82	84	86	88	90	92	94	96	98	100	102	104	106	108	110	112	114	116	118	120	122	124	126	128	130	132	134	136	138	140	142	144	146
BP537_512_RCT_M058_SV5_1_R1_subset	54.0	107.0	94.0	133.0	179.0	151.0	169.0	196.0	274.0	284.0	195.0	178.0	241.0	297.0	325.0	232.0	203.0	266.0	338.0	362.0	323.0	219.0	327.0	358.0	444.0	371.0	308.0	334.0	407.0	515.0	392.0	331.0	410.0	505.0	729.0	3771.0	24790.0	9402.0	51786.0
	146
BP537_512_RCT_M058_SV5_1_R2_subset	100000.0
	70	72	74	76	78	80	82	84	86	88	90	92	94	96	98	100	102	104	106	108	110	112	114	116	118	120	122	124	126	128	130	132	134	136	138	140	142	144	146
BP542_516_RCT_M074_SV5_1_R1_subset	43.0	93.0	93.0	88.0	165.0	108.0	138.0	173.0	208.0	224.0	159.0	141.0	215.0	231.0	244.0	213.0	164.0	205.0	285.0	279.0	234.0	173.0	245.0	328.0	319.0	288.0	229.0	259.0	383.0	350.0	329.0	251.0	317.0	469.0	624.0	4037.0	25377.0	9729.0	52590.0
	146
BP542_516_RCT_M074_SV5_1_R2_subset	100000.0
	70	72	74	76	78	80	82	84	86	88	90	92	94	96	98	100	102	104	106	108	110	112	114	116	118	120	122	124	126	128	130	132	134	136	138	140	142	144	146
BP543_517_RCT_M077_SV5_1_R1_subset	3.0	5.0	5.0	7.0	3.0	6.0	5.0	4.0	7.0	6.0	8.0	4.0	6.0	7.0	12.0	8.0	7.0	13.0	22.0	47.0	60.0	28.0	35.0	44.0	97.0	178.0	211.0	225.0	287.0	289.0	299.0	285.0	320.0	388.0	639.0	3920.0	23640.0	13630.0	54713.0
	146
BP543_517_RCT_M077_SV5_1_R2_subset	99473.0

