Sample	FastQC_mqc-generalstats-fastqc-percent_duplicates	FastQC_mqc-generalstats-fastqc-percent_gc	FastQC_mqc-generalstats-fastqc-avg_sequence_length	FastQC_mqc-generalstats-fastqc-percent_fails	FastQC_mqc-generalstats-fastqc-total_sequences
BP009_9_CER_PM021_1_1_R1_subset	0.4369999999999976	40.0	142.0922	9.090909090909092	100000.0
BP009_9_CER_PM021_1_1_R2_subset	0.5020000000000095	40.0	146.0	18.181818181818183	100000.0
BP036_36_CER_PM018_2_1_R1_subset	0.4299999999999926	41.0	142.06146	9.090909090909092	100000.0
BP036_36_CER_PM018_2_1_R2_subset	0.5040000000000049	41.0	146.0	18.181818181818183	100000.0
BP066_62_VAG_PM010_1_1_R1_subset	0.12456120484655742	41.0	143.75894009738423	9.090909090909092	44155.0
BP066_62_VAG_PM010_1_1_R2_subset	0.20382742611255367	41.0	146.0	18.181818181818183	44155.0
BP085_78_VAG_PM034_1_1_R1_subset	0.4029999999999916	40.0	143.65436	9.090909090909092	100000.0
BP085_78_VAG_PM034_1_1_R2_subset	0.47799999999999443	40.0	146.0	18.181818181818183	100000.0
BP087_80_VAG_PM036_1_1_R1_subset	0.41200000000000614	40.0	141.9897	9.090909090909092	100000.0
BP087_80_VAG_PM036_1_1_R2_subset	0.5079999999999956	41.0	146.0	18.181818181818183	100000.0
BP093_83_VAG_PM040_1_1_R1_subset	0.3859999999999957	40.0	142.68276	0.0	100000.0
BP093_83_VAG_PM040_1_1_R2_subset	0.4609999999999985	40.0	146.0	9.090909090909092	100000.0
BP130_114_VAG_PM042_2_1_R1_subset	0.5040000000000049	40.0	143.78518	0.0	100000.0
BP130_114_VAG_PM042_2_1_R2_subset	0.5180000000000007	40.0	146.0	9.090909090909092	100000.0
BP143_125_RCT_PM017_1_1_R1_subset	0.10311176578898085	43.0	142.64069232185602	9.090909090909092	27155.0
BP143_125_RCT_PM017_1_1_R2_subset	0.19517584238629127	43.0	146.0	18.181818181818183	27155.0
BP153_135_RCT_PM030_1_1_R1_subset	0.17842660178426684	42.0	143.98971150503996	9.090909090909092	43155.0
BP153_135_RCT_PM030_1_1_R2_subset	0.2548951454060955	42.0	146.0	18.181818181818183	43155.0
BP155_137_RCT_PM033_1_1_R1_subset	0.26343051650140126	39.0	141.6501405949386	18.181818181818183	33785.0
BP155_137_RCT_PM033_1_1_R2_subset	0.30782891815894686	40.0	146.0	27.27272727272727	33785.0
BP161_143_RCT_PM040_1_1_R1_subset	0.25900000000000034	40.0	141.86354	9.090909090909092	100000.0
BP161_143_RCT_PM040_1_1_R2_subset	0.33100000000000307	40.0	146.0	18.181818181818183	100000.0
BP162_144_RCT_PM042_1_1_R1_subset	0.37735849056603854	44.0	142.4377358490566	36.36363636363637	265.0
BP162_144_RCT_PM042_1_1_R2_subset	2.2641509433962312	45.0	146.0	45.45454545454545	265.0
BP164_146_RCT_PM044_1_1_R1_subset	0.36199999999999477	42.0	143.56098	9.090909090909092	100000.0
BP164_146_RCT_PM044_1_1_R2_subset	0.394999999999996	42.0	146.0	18.181818181818183	100000.0
BP167_149_RCT_PM048_1_1_R1_subset	0.3410000000000082	42.0	142.17928	9.090909090909092	100000.0
BP167_149_RCT_PM048_1_1_R2_subset	0.36299999999999955	42.0	146.0	18.181818181818183	100000.0
BP177_159_RCT_PM021_2_1_R1_subset	0.0	42.0	97.0	40.0	6.0
BP177_159_RCT_PM021_2_1_R2_subset	0.0	48.0	146.0	40.0	6.0
BP180_162_RCT_PM026_2_1_R1_subset	0.0	54.0	142.0	40.0	3.0
BP180_162_RCT_PM026_2_1_R2_subset	0.0	51.0	146.0	40.0	3.0
BP181_163_RCT_PM028_2_1_R1_subset	0.2330000000000041	44.0	143.24362	9.090909090909092	100000.0
BP181_163_RCT_PM028_2_1_R2_subset	0.2600000000000051	43.0	146.0	18.181818181818183	100000.0
BP186_167_RCT_PM034_2_1_R1_subset	0.13806132829530782	40.0	141.71290510100278	9.090909090909092	27524.0
BP186_167_RCT_PM034_2_1_R2_subset	0.20709199244295462	40.0	146.0	18.181818181818183	27524.0
BP202_182_RCT_M010_V1_1_R1_subset	0.29397494077689146	42.0	142.48465907469247	9.090909090909092	70074.0
BP202_182_RCT_M010_V1_1_R2_subset	0.3225161971629973	42.0	146.0	18.181818181818183	70074.0
BP204_184_RCT_M013_V1_1_R1_subset	0.7240000000000038	42.0	142.76592	9.090909090909092	100000.0
BP204_184_RCT_M013_V1_1_R2_subset	0.7789999999999964	42.0	146.0	18.181818181818183	100000.0
BP207_187_RCT_M026_V1_1_R1_subset	0.29599999999999227	43.0	143.90232	9.090909090909092	100000.0
BP207_187_RCT_M026_V1_1_R2_subset	0.367999999999995	44.0	146.0	18.181818181818183	100000.0
BP213_193_RCT_M040_V1_1_R1_subset	0.21099999999999852	42.0	141.19602	9.090909090909092	100000.0
BP213_193_RCT_M040_V1_1_R2_subset	0.2609999999999957	42.0	146.0	18.181818181818183	100000.0
BP220_200_RCT_M048_T1_1_R1_subset	0.2763048292395496	38.0	141.68078665610207	18.181818181818183	49221.0
BP220_200_RCT_M048_T1_1_R2_subset	0.3839824465167254	38.0	146.0	18.181818181818183	49221.0
BP221_201_RCT_M049_T1_1_R1_subset	0.3419086221634018	41.0	141.90986296081837	9.090909090909092	72534.0
BP221_201_RCT_M049_T1_1_R2_subset	0.4053271569195118	41.0	146.0	18.181818181818183	72534.0
BP230_210_RCT_M060_T1_1_R1_subset	0.2079999999999984	44.0	140.87852	9.090909090909092	100000.0
BP230_210_RCT_M060_T1_1_R2_subset	0.26500000000000057	44.0	146.0	18.181818181818183	100000.0
BP239_218_RCT_M073_T1_1_R1_subset	0.17600321834456167	44.0	142.56451775118174	9.090909090909092	99430.0
BP239_218_RCT_M073_T1_1_R2_subset	0.25646183244492704	44.0	146.0	18.181818181818183	99430.0
BP243_222_RCT_M077_T1_1_R1_subset	0.30005396654074445	44.0	141.83199136535347	9.090909090909092	92650.0
BP243_222_RCT_M077_T1_1_R2_subset	0.39611440906638506	44.0	146.0	18.181818181818183	92650.0
BP247_226_RCT_M006_V2_1_R1_subset	0.2839999999999918	40.0	140.98602	9.090909090909092	100000.0
BP247_226_RCT_M006_V2_1_R2_subset	0.31799999999999784	40.0	146.0	18.181818181818183	100000.0
BP250_229_RCT_M013_T2_1_R1_subset	0.13700000000000045	44.0	143.47664	9.090909090909092	100000.0
BP250_229_RCT_M013_T2_1_R2_subset	0.19700000000000273	44.0	146.0	18.181818181818183	100000.0
BP276_254_RCT_M062_T2_1_R1_subset	0.2360000000000042	44.0	140.54548	9.090909090909092	100000.0
BP276_254_RCT_M062_T2_1_R2_subset	0.29699999999999704	43.0	146.0	18.181818181818183	100000.0
BP277_255_RCT_M064_T2_1_R1_subset	0.2553598252082452	38.0	142.5699303564113	27.27272727272727	73230.0
BP277_255_RCT_M064_T2_1_R2_subset	0.344121261777957	39.0	146.0	27.27272727272727	73230.0
BP285_263_RCT_M080_T2_1_R1_subset	0.3370000000000033	41.0	141.62478	9.090909090909092	100000.0
BP285_263_RCT_M080_T2_1_R2_subset	0.39799999999999613	41.0	146.0	18.181818181818183	100000.0
BP288_266_RCT_M010_V3_1_R1_subset	0.22700000000000387	45.0	143.94238	9.090909090909092	100000.0
BP288_266_RCT_M010_V3_1_R2_subset	0.2430000000000092	45.0	146.0	18.181818181818183	100000.0
BP293_271_RCT_M026_V3_1_R1_subset	0.24235912129894643	44.0	142.55611270296083	9.090909090909092	83760.0
BP293_271_RCT_M026_V3_1_R2_subset	0.2853390639923674	44.0	146.0	18.181818181818183	83760.0
BP294_272_RCT_M027_T3_1_R1_subset	0.37545110169681095	40.0	143.88653531481856	18.181818181818183	89226.0
BP294_272_RCT_M027_T3_1_R2_subset	0.4785600609687748	39.0	146.0	18.181818181818183	89226.0
BP300_278_RCT_M041_V3_1_R1_subset	0.314983972874316	43.0	138.27900168609068	9.090909090909092	53971.0
BP300_278_RCT_M041_V3_1_R2_subset	0.3390709825647207	43.0	146.0	18.181818181818183	53971.0
BP309_287_REC_M050_T3_1_R1_subset	0.25500000000000966	44.0	141.67348	9.090909090909092	100000.0
BP309_287_REC_M050_T3_1_R2_subset	0.32500000000000284	44.0	146.0	18.181818181818183	100000.0
BP311_289_RCT_M054_T3_1_R1_subset	0.16899999999999693	43.0	142.2489	9.090909090909092	100000.0
BP311_289_RCT_M054_T3_1_R2_subset	0.2330000000000041	43.0	146.0	18.181818181818183	100000.0
BP317_294_RCT_M059_T3_1_R1_subset	0.2179999999999893	44.0	141.8684	9.090909090909092	100000.0
BP317_294_RCT_M059_T3_1_R2_subset	0.26300000000000523	44.0	146.0	18.181818181818183	100000.0
BP319_296_RCT_M061_T3_1_R1_subset	0.7059999999999889	40.0	142.67852	9.090909090909092	100000.0
BP319_296_RCT_M061_T3_1_R2_subset	0.7469999999999999	40.0	146.0	18.181818181818183	100000.0
BP320_297_RECT_M062_T3_1_R1_subset	0.37000000000000455	46.0	142.49056	9.090909090909092	100000.0
BP320_297_RECT_M062_T3_1_R2_subset	0.3930000000000007	46.0	146.0	18.181818181818183	100000.0
BP323_300_RCT_M068_T3_1_R1_subset	0.2569999999999908	43.0	140.18318	9.090909090909092	100000.0
BP323_300_RCT_M068_T3_1_R2_subset	0.29400000000001114	43.0	146.0	18.181818181818183	100000.0
BP324_301_RCT_M071_T3_1_R1_subset	0.12000000000000455	44.0	142.354	9.090909090909092	100000.0
BP324_301_RCT_M071_T3_1_R2_subset	0.1979999999999933	44.0	146.0	18.181818181818183	100000.0
BP341_318_RECT_M028_PP_1_R1_subset	0.3149999999999977	40.0	141.79334	18.181818181818183	100000.0
BP341_318_RECT_M028_PP_1_R2_subset	0.3689999999999998	40.0	146.0	18.181818181818183	100000.0
BP350_327_RCT_M048_PP_1_R1_subset	0.24417370850005682	41.0	140.99579407591116	9.090909090909092	78223.0
BP350_327_RCT_M048_PP_1_R2_subset	0.3017015455812242	41.0	146.0	18.181818181818183	78223.0
BP358_335_RCT_M058_PP_1_R1_subset	0.15619257625873217	42.0	142.1957460492466	9.090909090909092	43536.0
BP358_335_RCT_M058_PP_1_R2_subset	0.22280411613377282	42.0	146.0	18.181818181818183	43536.0
BP359_336_RCT_M059_PP_1_R1_subset	0.20492908375128138	41.0	144.03055960020853	9.090909090909092	55629.0
BP359_336_RCT_M059_PP_1_R2_subset	0.3559294612522308	41.0	146.0	18.181818181818183	55629.0
BP361_338_RCT_M061_PP_1_R1_subset	0.22302146974290338	39.0	143.410312387115	9.090909090909092	63671.0
BP361_338_RCT_M061_PP_1_R2_subset	0.33453220461434796	39.0	146.0	9.090909090909092	63671.0
BP365_342_RCT_M068_PP_1_R1_subset	0.4519999999999982	41.0	141.95744	9.090909090909092	100000.0
BP365_342_RCT_M068_PP_1_R2_subset	0.5090000000000003	42.0	146.0	18.181818181818183	100000.0
BP367_344_RCT_M072_PP_1_R1_subset	0.30299999999999727	42.0	141.84334	9.090909090909092	100000.0
BP367_344_RCT_M072_PP_1_R2_subset	0.3580000000000041	43.0	146.0	18.181818181818183	100000.0
BP368_345_RCT_M073_PP_1_R1_subset	0.1267677052228322	45.0	142.58093413713448	9.090909090909092	35498.0
BP368_345_RCT_M073_PP_1_R2_subset	0.15493830638345685	45.0	146.0	18.181818181818183	35498.0
BP371_348_RCT_M076_PP_1_R1_subset	0.27899999999999636	45.0	141.92192	9.090909090909092	100000.0
BP371_348_RCT_M076_PP_1_R2_subset	0.35599999999999454	45.0	146.0	18.181818181818183	100000.0
BP376_353_RCT_M013_SV1_1_R1_subset	0.20700000000000784	41.0	141.68552	9.090909090909092	100000.0
BP376_353_RCT_M013_SV1_1_R2_subset	0.2740000000000009	42.0	146.0	18.181818181818183	100000.0
BP389_365_RCT_M043_SV1_1_R1_subset	0.20199999999999818	42.0	140.78674	9.090909090909092	100000.0
BP389_365_RCT_M043_SV1_1_R2_subset	0.2680000000000007	42.0	146.0	18.181818181818183	100000.0
BP391_367_RCT_M045_SV1_1_R1_subset	0.7959999999999923	38.0	143.54914	18.181818181818183	100000.0
BP391_367_RCT_M045_SV1_1_R2_subset	0.9099999999999966	38.0	146.0	18.181818181818183	100000.0
BP396_372_RCT_M050_SV1_1_R1_subset	0.6469999999999914	42.0	142.22642	9.090909090909092	100000.0
BP396_372_RCT_M050_SV1_1_R2_subset	0.6809999999999974	42.0	146.0	18.181818181818183	100000.0
BP398_374_RCT_M054_SV1_1_R1_subset	0.14257294429708622	40.0	141.2775198938992	9.090909090909092	30160.0
BP398_374_RCT_M054_SV1_1_R2_subset	0.2486737400530501	41.0	146.0	18.181818181818183	30160.0
BP402_378_RCT_M058_SV1_1_R1_subset	0.29144959743524623	42.0	142.622123453192	9.090909090909092	82347.0
BP402_378_RCT_M058_SV1_1_R2_subset	0.35095389024493784	42.0	146.0	18.181818181818183	82347.0
BP403_379_RCT_M060_SV1_1_R1_subset	0.4962315470381782	39.0	142.7346510807051	27.27272727272727	96326.0
BP403_379_RCT_M060_SV1_1_R2_subset	0.5855116998525745	40.0	146.0	27.27272727272727	96326.0
BP411_387_RCT_M074_SV1_1_R1_subset	0.30400000000000205	43.0	141.6633	18.181818181818183	100000.0
BP411_387_RCT_M074_SV1_1_R2_subset	0.3859999999999957	43.0	146.0	27.27272727272727	100000.0
BP413_389_RCT_M076_SV1_1_R1_subset	0.24803004940187634	45.0	144.04372677907975	9.090909090909092	97972.0
BP413_389_RCT_M076_SV1_1_R2_subset	0.35214142816315075	44.0	146.0	18.181818181818183	97972.0
BP418_394_REC_PM027_V1_1_R1_subset	0.3020000000000067	43.0	142.47734	9.090909090909092	100000.0
BP418_394_REC_PM027_V1_1_R2_subset	0.3889999999999958	42.0	146.0	18.181818181818183	100000.0
BP419_395_RCT_M012_SV2_1-1_R1_subset	0.2430000000000092	41.0	144.05742	18.181818181818183	100000.0
BP419_395_RCT_M012_SV2_1-1_R2_subset	0.30299999999999727	41.0	146.0	27.27272727272727	100000.0
BP427_403_RCT_M032_SV2_1_R1_subset	0.21299999999999386	44.0	142.57288	18.181818181818183	100000.0
BP427_403_RCT_M032_SV2_1_R2_subset	0.27599999999999625	44.0	146.0	27.27272727272727	100000.0
BP431_407_RCT_M042_SV2_1_R1_subset	0.18022964359886373	43.0	141.56974051705618	9.090909090909092	83782.0
BP431_407_RCT_M042_SV2_1_R2_subset	0.23513403833759128	43.0	146.0	18.181818181818183	83782.0
BP453_428_RCT_M075_SV2_1_R1_subset	0.28139858330368384	40.0	142.9202057120678	18.181818181818183	61834.0
BP453_428_RCT_M075_SV2_1_R2_subset	0.3590257786978128	40.0	146.0	18.181818181818183	61834.0
BP455_430_RCT_M077_SV2_1_R1_subset	0.42600000000000193	52.0	140.6918	18.181818181818183	100000.0
BP455_430_RCT_M077_SV2_1_R2_subset	0.4719999999999942	51.0	146.0	27.27272727272727	100000.0
BP456_431_RCT_M078_SV2_1_R1_subset	0.10999999999999943	46.0	143.10506	9.090909090909092	100000.0
BP456_431_RCT_M078_SV2_1_R2_subset	0.1490000000000009	45.0	146.0	18.181818181818183	100000.0
BP457_432_RCT_M080_SV2_1_R1_subset	0.21099999999999852	42.0	141.55736	9.090909090909092	100000.0
BP457_432_RCT_M080_SV2_1_R2_subset	0.27299999999999613	42.0	146.0	18.181818181818183	100000.0
BP458_433_RCT_M002_SV3_1_R1_subset	0.2710000000000008	45.0	142.29558	9.090909090909092	100000.0
BP458_433_RCT_M002_SV3_1_R2_subset	0.31099999999999284	45.0	146.0	18.181818181818183	100000.0
BP469_444_RCT_M040_SV3_1_R1_subset	0.30100000000000193	40.0	142.32476	9.090909090909092	100000.0
BP469_444_RCT_M040_SV3_1_R2_subset	0.3669999999999902	41.0	146.0	18.181818181818183	100000.0
BP472_447_RCT_M044_SV3_1_R1_subset	0.15699999999999648	45.0	142.04658	9.090909090909092	100000.0
BP472_447_RCT_M044_SV3_1_R2_subset	0.22299999999999898	45.0	146.0	18.181818181818183	100000.0
BP473_448_RCT_M047_SV3_1_R1_subset	0.6189999999999998	38.0	142.89052	9.090909090909092	100000.0
BP473_448_RCT_M047_SV3_1_R2_subset	0.679000000000002	39.0	146.0	9.090909090909092	100000.0
BP474_449_RCT_M048_SV3_1_R1_subset	0.3190000000000026	41.0	139.3427	9.090909090909092	100000.0
BP474_449_RCT_M048_SV3_1_R2_subset	0.4069999999999965	41.0	146.0	18.181818181818183	100000.0
BP484_459_RCT_M061_SV3_1_R1_subset	0.2557344127522043	41.0	142.92553892497412	9.090909090909092	63738.0
BP484_459_RCT_M061_SV3_1_R2_subset	0.3075088644136912	41.0	146.0	18.181818181818183	63738.0
BP494_469_RCT_M077_SV3_1_R1_subset	0.4559437486266802	58.0	143.48674284040138	27.27272727272727	54612.0
BP494_469_RCT_M077_SV3_1_R2_subset	0.45228154984252456	58.0	146.0	27.27272727272727	54612.0
BP495_470_RCT_M079_SV3_1_R1_subset	0.267562565381823	41.0	142.11841152329606	9.090909090909092	49708.0
BP495_470_RCT_M079_SV3_1_R2_subset	0.36211475014081884	41.0	146.0	18.181818181818183	49708.0
BP496_471_RCT_M080_SV3_1_R1_subset	0.3640000000000043	38.0	141.06302	18.181818181818183	100000.0
BP496_471_RCT_M080_SV3_1_R2_subset	0.4059999999999917	39.0	146.0	18.181818181818183	100000.0
BP507_482_RECT_M042_SV4_1_R1_subset	0.3370000000000033	42.0	142.20682	9.090909090909092	100000.0
BP507_482_RECT_M042_SV4_1_R2_subset	0.4099999999999966	42.0	146.0	18.181818181818183	100000.0
BP513_488_RCT_M054_SV4_1_R1_subset	0.39799999999999613	43.0	142.325	9.090909090909092	100000.0
BP513_488_RCT_M054_SV4_1_R2_subset	0.409000000000006	43.0	146.0	18.181818181818183	100000.0
BP537_512_RCT_M058_SV5_1_R1_subset	0.17900000000000205	42.0	141.10512	9.090909090909092	100000.0
BP537_512_RCT_M058_SV5_1_R2_subset	0.2569999999999908	42.0	146.0	18.181818181818183	100000.0
BP542_516_RCT_M074_SV5_1_R1_subset	0.19899999999999807	45.0	141.74018	9.090909090909092	100000.0
BP542_516_RCT_M074_SV5_1_R2_subset	0.26300000000000523	45.0	146.0	18.181818181818183	100000.0
BP543_517_RCT_M077_SV5_1_R1_subset	0.9319111718757824	55.0	143.88915585133654	27.27272727272727	99473.0
BP543_517_RCT_M077_SV5_1_R2_subset	0.9660913011571068	54.0	146.0	27.27272727272727	99473.0
