	1	2	3	4	5	6	7	8	9	12	17	22	27	32	37	42	47	52	57	62	67	72	77	82	87	92	97	102	107	112	117	122	127	132	137	142	145
BP009_9_CER_PM021_1_1_R1_subset	0.0	0.0	0.0	0.0	0.0	0.0	0.0	0.0	0.0	0.0	0.0	0.0	0.0	0.0	0.0	0.0	0.0	0.0	0.0	0.0	0.0	0.0	0.0	0.0	0.0	0.0	0.0	0.0	0.0	0.0	0.0	0.0	0.0	0.0	0.0	0.0	0.0
	1	2	3	4	5	6	7	8	9	12	17	22	27	32	37	42	47	52	57	62	67	72	77	82	87	92	97	102	107	112	117	122	127	132	137	142	145
BP009_9_CER_PM021_1_1_R2_subset	0.0	0.0	0.0	0.0	0.0	0.0	0.0	0.0	0.0	0.0	0.0	0.0	0.0	0.0	0.0	0.0	0.0	0.0	0.0007999999999999999	0.00039999999999999996	0.00039999999999999996	0.0036	0.00039999999999999996	0.0006000000000000001	0.00019999999999999998	0.0006000000000000001	0.001	0.001	0.0	0.0007999999999999999	0.0012000000000000001	0.002	0.0044	0.0	0.0	0.0006000000000000001	0.0015
	1	2	3	4	5	6	7	8	9	12	17	22	27	32	37	42	47	52	57	62	67	72	77	82	87	92	97	102	107	112	117	122	127	132	137	142	145
BP036_36_CER_PM018_2_1_R1_subset	0.0	0.0	0.0	0.0	0.0	0.0	0.0	0.0	0.0	0.0	0.0	0.0	0.0	0.0	0.0	0.0	0.0	0.0	0.0	0.0	0.0	0.0	0.0	0.0	0.0	0.0	0.0	0.0	0.0	0.0	0.0	0.0	0.0	0.0	0.0	0.0	0.0
	1	2	3	4	5	6	7	8	9	12	17	22	27	32	37	42	47	52	57	62	67	72	77	82	87	92	97	102	107	112	117	122	127	132	137	142	145
BP036_36_CER_PM018_2_1_R2_subset	0.0	0.0	0.0	0.0	0.0	0.0	0.0	0.0	0.0	0.0	0.0	0.0	0.0	0.0	0.0	0.0	0.0	0.0	0.0018	0.00019999999999999998	0.0	0.0048000000000000004	0.00019999999999999998	0.0007999999999999999	0.0	0.0006000000000000001	0.00039999999999999996	0.0012000000000000001	0.00019999999999999998	0.0015999999999999999	0.001	0.003	0.0048000000000000004	0.0	0.0	0.0012000000000000001	0.002
	1	2	3	4	5	6	7	8	9	12	17	22	27	32	37	42	47	52	57	62	67	72	77	82	87	92	97	102	107	112	117	122	127	132	137	142	145
BP066_62_VAG_PM010_1_1_R1_subset	0.0	0.0	0.0	0.0	0.0	0.0	0.0	0.0	0.0	0.0	0.0	0.0	0.0	0.0	0.0	0.0	0.0	0.0	0.0	0.0	0.0	0.0	0.0	0.0	0.0	0.0	0.0	0.0	0.0	0.0	0.0	0.0	0.0	0.0	0.0	0.0	0.0
	1	2	3	4	5	6	7	8	9	12	17	22	27	32	37	42	47	52	57	62	67	72	77	82	87	92	97	102	107	112	117	122	127	132	137	142	145
BP066_62_VAG_PM010_1_1_R2_subset	0.0	0.0	0.0	0.0	0.0	0.0	0.0	0.0	0.0	0.0	0.0	0.0	0.0	0.0	0.0	0.0	0.0	0.0	0.001811799343222738	0.0	0.0	0.004076548522251161	0.0	0.0004529498358056845	0.0	0.0004529498358056845	0.0004529498358056845	0.0004529498358056845	0.0004529498358056845	0.001811799343222738	0.0	0.003623598686445476	0.003623598686445476	0.0	0.0	0.0013588495074170536	0.0033971237685426338
	1	2	3	4	5	6	7	8	9	12	17	22	27	32	37	42	47	52	57	62	67	72	77	82	87	92	97	102	107	112	117	122	127	132	137	142	145
BP085_78_VAG_PM034_1_1_R1_subset	0.0	0.0	0.0	0.0	0.0	0.0	0.0	0.0	0.0	0.0	0.0	0.0	0.0	0.0	0.0	0.0	0.0	0.0	0.0	0.0	0.0	0.0	0.0	0.0	0.0	0.0	0.0	0.0	0.0	0.0	0.0	0.0	0.0	0.0	0.0	0.0	0.0
	1	2	3	4	5	6	7	8	9	12	17	22	27	32	37	42	47	52	57	62	67	72	77	82	87	92	97	102	107	112	117	122	127	132	137	142	145
BP085_78_VAG_PM034_1_1_R2_subset	0.0	0.0	0.0	0.0	0.0	0.0	0.0	0.0	0.0	0.0	0.0	0.0	0.0	0.0	0.0	0.0	0.0	0.0	0.0007999999999999999	0.00019999999999999998	0.0	0.0038000000000000004	0.00019999999999999998	0.001	0.0	0.00039999999999999996	0.0006000000000000001	0.0007999999999999999	0.0	0.0018	0.0007999999999999999	0.0034	0.0048000000000000004	0.0	0.0	0.001	0.004
	1	2	3	4	5	6	7	8	9	12	17	22	27	32	37	42	47	52	57	62	67	72	77	82	87	92	97	102	107	112	117	122	127	132	137	142	145
BP087_80_VAG_PM036_1_1_R1_subset	0.0	0.0	0.0	0.0	0.0	0.0	0.0	0.0	0.0	0.0	0.0	0.0	0.0	0.0	0.0	0.0	0.0	0.0	0.0	0.0	0.0	0.0	0.0	0.0	0.0	0.0	0.0	0.0	0.0	0.0	0.0	0.0	0.0	0.0	0.0	0.0	0.0
	1	2	3	4	5	6	7	8	9	12	17	22	27	32	37	42	47	52	57	62	67	72	77	82	87	92	97	102	107	112	117	122	127	132	137	142	145
BP087_80_VAG_PM036_1_1_R2_subset	0.0	0.0	0.0	0.0	0.0	0.0	0.0	0.0	0.0	0.0	0.0	0.0	0.0	0.0	0.0	0.0	0.0	0.0	0.0014	0.0015999999999999999	0.0007999999999999999	0.007600000000000001	0.0012000000000000001	0.0014	0.0006000000000000001	0.002	0.002	0.0026	0.0	0.0018	0.0031999999999999997	0.004	0.0034	0.0	0.0	0.0015999999999999999	0.003
	1	2	3	4	5	6	7	8	9	12	17	22	27	32	37	42	47	52	57	62	67	72	77	82	87	92	97	102	107	112	117	122	127	132	137	142	145
BP093_83_VAG_PM040_1_1_R1_subset	0.0	0.0	0.0	0.0	0.0	0.0	0.0	0.0	0.0	0.0	0.0	0.0	0.0	0.0	0.0	0.0	0.0	0.0	0.0	0.0	0.0	0.0	0.0	0.0	0.0	0.0	0.0	0.0	0.0	0.0	0.0	0.0	0.0	0.0	0.0	0.0	0.0
	1	2	3	4	5	6	7	8	9	12	17	22	27	32	37	42	47	52	57	62	67	72	77	82	87	92	97	102	107	112	117	122	127	132	137	142	145
BP093_83_VAG_PM040_1_1_R2_subset	0.0	0.0	0.0	0.0	0.0	0.0	0.0	0.0	0.0	0.0	0.0	0.0	0.0	0.0	0.0	0.0	0.0	0.0	0.0012000000000000001	0.00039999999999999996	0.0	0.0046	0.0006000000000000001	0.0	0.0	0.0014	0.0012000000000000001	0.0018	0.00039999999999999996	0.0024000000000000002	0.0014	0.0046	0.0056	0.0	0.00019999999999999998	0.0012000000000000001	0.003
	1	2	3	4	5	6	7	8	9	12	17	22	27	32	37	42	47	52	57	62	67	72	77	82	87	92	97	102	107	112	117	122	127	132	137	142	145
BP130_114_VAG_PM042_2_1_R1_subset	0.0	0.0	0.0	0.0	0.0	0.0	0.0	0.0	0.0	0.0	0.0	0.0	0.0	0.0	0.0	0.0	0.0	0.0	0.0	0.0	0.0	0.0	0.0	0.0	0.0	0.0	0.0	0.0	0.0	0.0	0.0	0.0	0.0	0.0	0.0	0.0	0.0
	1	2	3	4	5	6	7	8	9	12	17	22	27	32	37	42	47	52	57	62	67	72	77	82	87	92	97	102	107	112	117	122	127	132	137	142	145
BP130_114_VAG_PM042_2_1_R2_subset	0.0	0.0	0.0	0.0	0.0	0.0	0.0	0.0	0.0	0.0	0.0	0.0	0.0	0.0	0.0	0.0	0.0	0.0	0.002	0.00019999999999999998	0.00019999999999999998	0.0036	0.00019999999999999998	0.0006000000000000001	0.00019999999999999998	0.0006000000000000001	0.00039999999999999996	0.001	0.00019999999999999998	0.002	0.0007999999999999999	0.0034	0.0056	0.0	0.00039999999999999996	0.0015999999999999999	0.003
	1	2	3	4	5	6	7	8	9	12	17	22	27	32	37	42	47	52	57	62	67	72	77	82	87	92	97	102	107	112	117	122	127	132	137	142	145
BP143_125_RCT_PM017_1_1_R1_subset	0.0	0.0	0.0	0.0	0.0	0.0	0.0	0.0	0.0	0.0	0.0	0.0	0.0	0.0	0.0	0.0	0.0	0.0	0.0	0.0	0.0	0.0	0.0	0.0	0.0	0.0	0.0	0.0	0.0	0.0	0.0	0.0	0.0	0.0	0.0	0.0	0.0
	1	2	3	4	5	6	7	8	9	12	17	22	27	32	37	42	47	52	57	62	67	72	77	82	87	92	97	102	107	112	117	122	127	132	137	142	145
BP143_125_RCT_PM017_1_1_R2_subset	0.0	0.0	0.0	0.0	0.0	0.0	0.0	0.0	0.0	0.0	0.0	0.0	0.0	0.0	0.0	0.0	0.0	0.0	0.002946050451113975	0.0	0.0	0.002946050451113975	0.0	0.0007365126127784938	0.0	0.0	0.0	0.0	0.0	0.0007365126127784938	0.0	0.0007365126127784938	0.00589210090222795	0.0	0.0	0.0007365126127784938	0.0018412815319462346
	1	2	3	4	5	6	7	8	9	12	17	22	27	32	37	42	47	52	57	62	67	72	77	82	87	92	97	102	107	112	117	122	127	132	137	142	145
BP153_135_RCT_PM030_1_1_R1_subset	0.0	0.0	0.0	0.0	0.0	0.0	0.0	0.0	0.0	0.0	0.0	0.0	0.0	0.0	0.0	0.0	0.0	0.0	0.0	0.0	0.0	0.0	0.0	0.0	0.0	0.0	0.0	0.0	0.0	0.0	0.0	0.0	0.0	0.0	0.0	0.0	0.0
	1	2	3	4	5	6	7	8	9	12	17	22	27	32	37	42	47	52	57	62	67	72	77	82	87	92	97	102	107	112	117	122	127	132	137	142	145
BP153_135_RCT_PM030_1_1_R2_subset	0.0	0.0	0.0	0.0	0.0	0.0	0.0	0.0	0.0	0.0	0.0	0.0	0.0	0.0	0.0	0.0	0.0	0.0	0.000926891437840343	0.0	0.0	0.006024794345962229	0.0	0.0004634457189201715	0.0	0.0004634457189201715	0.0	0.000926891437840343	0.0004634457189201715	0.0023172285946008574	0.0004634457189201715	0.002780674313521029	0.002780674313521029	0.0	0.0	0.000926891437840343	0.0011586142973004287
	1	2	3	4	5	6	7	8	9	12	17	22	27	32	37	42	47	52	57	62	67	72	77	82	87	92	97	102	107	112	117	122	127	132	137	142	145
BP155_137_RCT_PM033_1_1_R1_subset	0.0	0.0	0.0	0.0	0.0	0.0	0.0	0.0	0.0	0.0	0.0	0.0	0.0	0.0	0.0	0.0	0.0	0.0	0.0	0.0	0.0	0.0	0.0	0.0	0.0	0.0	0.0	0.0	0.0	0.0	0.0	0.0	0.0	0.0	0.0	0.0	0.0
	1	2	3	4	5	6	7	8	9	12	17	22	27	32	37	42	47	52	57	62	67	72	77	82	87	92	97	102	107	112	117	122	127	132	137	142	145
BP155_137_RCT_PM033_1_1_R2_subset	0.0	0.0	0.0	0.0	0.0	0.0	0.0	0.0	0.0	0.0	0.0	0.0	0.0	0.0	0.0	0.0	0.0	0.0	0.0023679147550688174	0.0	0.0	0.004735829510137635	0.0	0.0	0.0	0.0005919786887672044	0.0	0.0005919786887672044	0.0	0.0011839573775344087	0.0005919786887672044	0.0023679147550688174	0.004143850821370431	0.0	0.0	0.0011839573775344087	0.002959893443836022
	1	2	3	4	5	6	7	8	9	12	17	22	27	32	37	42	47	52	57	62	67	72	77	82	87	92	97	102	107	112	117	122	127	132	137	142	145
BP161_143_RCT_PM040_1_1_R1_subset	0.0	0.0	0.0	0.0	0.0	0.0	0.0	0.0	0.0	0.0	0.0	0.0	0.0	0.0	0.0	0.0	0.0	0.0	0.0	0.0	0.0	0.0	0.0	0.0	0.0	0.0	0.0	0.0	0.0	0.0	0.0	0.0	0.0	0.0	0.0	0.0	0.0
	1	2	3	4	5	6	7	8	9	12	17	22	27	32	37	42	47	52	57	62	67	72	77	82	87	92	97	102	107	112	117	122	127	132	137	142	145
BP161_143_RCT_PM040_1_1_R2_subset	0.0	0.0	0.0	0.0	0.0	0.0	0.0	0.0	0.0	0.0	0.0	0.0	0.0	0.0	0.0	0.0	0.0	0.0	0.0015999999999999999	0.0007999999999999999	0.00039999999999999996	0.0024000000000000002	0.00039999999999999996	0.0012000000000000001	0.00039999999999999996	0.0012000000000000001	0.0012000000000000001	0.0018	0.0	0.0018	0.0022	0.0034	0.0031999999999999997	0.0	0.00039999999999999996	0.0014	0.0034999999999999996
	1	2	3	4	5	6	7	8	9	12	17	22	27	32	37	42	47	52	57	62	67	72	77	82	87	92	97	102	107	112	117	122	127	132	137	142	145
BP162_144_RCT_PM042_1_1_R1_subset	0.0	0.0	0.0	0.0	0.0	0.0	0.0	0.0	0.0	0.0	0.0	0.0	0.0	0.0	0.0	0.0	0.0	0.0	0.0	0.0	0.0	0.0	0.0	0.0	0.0	0.0	0.0	0.0	0.0	0.0	0.0	0.0	0.0	0.0	0.0	0.0	0.0
	1	2	3	4	5	6	7	8	9	12	17	22	27	32	37	42	47	52	57	62	67	72	77	82	87	92	97	102	107	112	117	122	127	132	137	142	145
BP162_144_RCT_PM042_1_1_R2_subset	0.0	0.0	0.0	0.0	0.0	0.0	0.0	0.0	0.0	0.0	0.0	0.0	0.0	0.0	0.0	0.0	0.0	0.0	0.0	0.0	0.0	0.0	0.0	0.0	0.0	0.0	0.0	0.0	0.0	0.0	0.0	0.0	0.0	0.0	0.0	0.0	0.0
	1	2	3	4	5	6	7	8	9	12	17	22	27	32	37	42	47	52	57	62	67	72	77	82	87	92	97	102	107	112	117	122	127	132	137	142	145
BP164_146_RCT_PM044_1_1_R1_subset	0.0	0.0	0.0	0.0	0.0	0.0	0.0	0.0	0.0	0.0	0.0	0.0	0.0	0.0	0.0	0.0	0.0	0.0	0.0	0.0	0.0	0.0	0.0	0.0	0.0	0.0	0.0	0.0	0.0	0.0	0.0	0.0	0.0	0.0	0.0	0.0	0.0
	1	2	3	4	5	6	7	8	9	12	17	22	27	32	37	42	47	52	57	62	67	72	77	82	87	92	97	102	107	112	117	122	127	132	137	142	145
BP164_146_RCT_PM044_1_1_R2_subset	0.0	0.0	0.0	0.0	0.0	0.0	0.0	0.0	0.0	0.0	0.0	0.0	0.0	0.0	0.0	0.0	0.0	0.0	0.0022	0.00039999999999999996	0.00019999999999999998	0.008	0.0007999999999999999	0.0015999999999999999	0.00019999999999999998	0.001	0.0012000000000000001	0.0015999999999999999	0.0	0.0022	0.0015999999999999999	0.0044	0.006	0.0	0.0	0.0015999999999999999	0.005
	1	2	3	4	5	6	7	8	9	12	17	22	27	32	37	42	47	52	57	62	67	72	77	82	87	92	97	102	107	112	117	122	127	132	137	142	145
BP167_149_RCT_PM048_1_1_R1_subset	0.0	0.0	0.0	0.0	0.0	0.0	0.0	0.0	0.0	0.0	0.0	0.0	0.0	0.0	0.0	0.0	0.0	0.0	0.0	0.0	0.0	0.0	0.0	0.0	0.0	0.0	0.0	0.0	0.0	0.0	0.0	0.0	0.0	0.0	0.0	0.0	0.0
	1	2	3	4	5	6	7	8	9	12	17	22	27	32	37	42	47	52	57	62	67	72	77	82	87	92	97	102	107	112	117	122	127	132	137	142	145
BP167_149_RCT_PM048_1_1_R2_subset	0.0	0.0	0.0	0.0	0.0	0.0	0.0	0.0	0.0	0.0	0.0	0.0	0.0	0.0	0.0	0.0	0.0	0.0	0.0024000000000000002	0.0006000000000000001	0.00039999999999999996	0.0052	0.0006000000000000001	0.0014	0.00019999999999999998	0.0007999999999999999	0.0007999999999999999	0.001	0.0	0.0015999999999999999	0.0014	0.0042	0.0048000000000000004	0.0	0.0	0.0018	0.004
	1	2	3	4	5	6	7	8	9	12	17	22	27	32	37	42	47	52	57	62	67	72	77	82	87	92	97	102	107	112	117	122	127	132	137	141
BP177_159_RCT_PM021_2_1_R1_subset	0.0	0.0	0.0	0.0	0.0	0.0	0.0	0.0	0.0	0.0	0.0	0.0	0.0	0.0	0.0	0.0	0.0	0.0	0.0	0.0	0.0	0.0	0.0	0.0	0.0	0.0	0.0	0.0	0.0	0.0	0.0	0.0	0.0	0.0	0.0	0.0
	1	2	3	4	5	6	7	8	9	12	17	22	27	32	37	42	47	52	57	62	67	72	77	82	87	92	97	102	107	112	117	122	127	132	137	142	145
BP177_159_RCT_PM021_2_1_R2_subset	0.0	0.0	0.0	0.0	0.0	0.0	0.0	0.0	0.0	0.0	0.0	0.0	0.0	0.0	0.0	0.0	0.0	0.0	0.0	0.0	0.0	0.0	0.0	0.0	0.0	0.0	0.0	0.0	0.0	0.0	0.0	0.0	0.0	0.0	0.0	0.0	0.0
	1	2	3	4	5	6	7	8	9	12	17	22	27	32	37	42	47	52	57	62	67	72	77	82	87	92	97	102	107	112	117	122	127	132	137	142	145
BP180_162_RCT_PM026_2_1_R1_subset	0.0	0.0	0.0	0.0	0.0	0.0	0.0	0.0	0.0	0.0	0.0	0.0	0.0	0.0	0.0	0.0	0.0	0.0	0.0	0.0	0.0	0.0	0.0	0.0	0.0	0.0	0.0	0.0	0.0	0.0	0.0	0.0	0.0	0.0	0.0	0.0	0.0
	1	2	3	4	5	6	7	8	9	12	17	22	27	32	37	42	47	52	57	62	67	72	77	82	87	92	97	102	107	112	117	122	127	132	137	142	145
BP180_162_RCT_PM026_2_1_R2_subset	0.0	0.0	0.0	0.0	0.0	0.0	0.0	0.0	0.0	0.0	0.0	0.0	0.0	0.0	0.0	0.0	0.0	0.0	0.0	0.0	0.0	0.0	0.0	0.0	0.0	0.0	0.0	0.0	0.0	0.0	0.0	0.0	0.0	0.0	0.0	0.0	0.0
	1	2	3	4	5	6	7	8	9	12	17	22	27	32	37	42	47	52	57	62	67	72	77	82	87	92	97	102	107	112	117	122	127	132	137	142	145
BP181_163_RCT_PM028_2_1_R1_subset	0.0	0.0	0.0	0.0	0.0	0.0	0.0	0.0	0.0	0.0	0.0	0.0	0.0	0.0	0.0	0.0	0.0	0.0	0.0	0.0	0.0	0.0	0.0	0.0	0.0	0.0	0.0	0.0	0.0	0.0	0.0	0.0	0.0	0.0	0.0	0.0	0.0
	1	2	3	4	5	6	7	8	9	12	17	22	27	32	37	42	47	52	57	62	67	72	77	82	87	92	97	102	107	112	117	122	127	132	137	142	145
BP181_163_RCT_PM028_2_1_R2_subset	0.0	0.0	0.0	0.0	0.0	0.0	0.0	0.0	0.0	0.0	0.0	0.0	0.0	0.0	0.0	0.0	0.0	0.0	0.0026	0.0	0.0	0.0046	0.0	0.00039999999999999996	0.0	0.00039999999999999996	0.0006000000000000001	0.00039999999999999996	0.0	0.0007999999999999999	0.0006000000000000001	0.0024000000000000002	0.005399999999999999	0.0	0.0	0.001	0.0015
	1	2	3	4	5	6	7	8	9	12	17	22	27	32	37	42	47	52	57	62	67	72	77	82	87	92	97	102	107	112	117	122	127	132	137	142	145
BP186_167_RCT_PM034_2_1_R1_subset	0.0	0.0	0.0	0.0	0.0	0.0	0.0	0.0	0.0	0.0	0.0	0.0	0.0	0.0	0.0	0.0	0.0	0.0	0.0	0.0	0.0	0.0	0.0	0.0	0.0	0.0	0.0	0.0	0.0	0.0	0.0	0.0	0.0	0.0	0.0	0.0	0.0
	1	2	3	4	5	6	7	8	9	12	17	22	27	32	37	42	47	52	57	62	67	72	77	82	87	92	97	102	107	112	117	122	127	132	137	142	145
BP186_167_RCT_PM034_2_1_R2_subset	0.0	0.0	0.0	0.0	0.0	0.0	0.0	0.0	0.0	0.0	0.0	0.0	0.0	0.0	0.0	0.0	0.0	0.0	0.0	0.0	0.0	0.0014532771399505887	0.0	0.0007266385699752943	0.0	0.0	0.0	0.0	0.0	0.0029065542799011773	0.0	0.005813108559802355	0.0014532771399505887	0.0	0.0	0.002179915709925883	0.0054497892748147075
	1	2	3	4	5	6	7	8	9	12	17	22	27	32	37	42	47	52	57	62	67	72	77	82	87	92	97	102	107	112	117	122	127	132	137	142	145
BP202_182_RCT_M010_V1_1_R1_subset	0.0	0.0	0.0	0.0	0.0	0.0	0.0	0.0	0.0	0.0	0.0	0.0	0.0	0.0	0.0	0.0	0.0	0.0	0.0	0.0	0.0	0.0	0.0	0.0	0.0	0.0	0.0	0.0	0.0	0.0	0.0	0.0	0.0	0.0	0.0	0.0	0.0
	1	2	3	4	5	6	7	8	9	12	17	22	27	32	37	42	47	52	57	62	67	72	77	82	87	92	97	102	107	112	117	122	127	132	137	142	145
BP202_182_RCT_M010_V1_1_R2_subset	0.0	0.0	0.0	0.0	0.0	0.0	0.0	0.0	0.0	0.0	0.0	0.0	0.0	0.0	0.0	0.0	0.0	0.0	0.0014270628193053057	0.0	0.0	0.0028541256386106113	0.00028541256386106117	0.0008562376915831836	0.0	0.0005708251277221223	0.0011416502554442447	0.001997887947027428	0.00028541256386106117	0.001997887947027428	0.0011416502554442447	0.0028541256386106113	0.0048520135856380394	0.0	0.00028541256386106117	0.001712475383166367	0.002140594228957959
	1	2	3	4	5	6	7	8	9	12	17	22	27	32	37	42	47	52	57	62	67	72	77	82	87	92	97	102	107	112	117	122	127	132	137	142	145
BP204_184_RCT_M013_V1_1_R1_subset	0.0	0.0	0.0	0.0	0.0	0.0	0.0	0.0	0.0	0.0	0.0	0.0	0.0	0.0	0.0	0.0	0.0	0.0	0.0	0.0	0.0	0.0	0.0	0.0	0.0	0.0	0.0	0.0	0.0	0.0	0.0	0.0	0.0	0.0	0.0	0.0	0.0
	1	2	3	4	5	6	7	8	9	12	17	22	27	32	37	42	47	52	57	62	67	72	77	82	87	92	97	102	107	112	117	122	127	132	137	142	145
BP204_184_RCT_M013_V1_1_R2_subset	0.0	0.0	0.0	0.0	0.0	0.0	0.0	0.0	0.0	0.0	0.0	0.0	0.0	0.0	0.0	0.0	0.0	0.0	0.001	0.00019999999999999998	0.00019999999999999998	0.005	0.00019999999999999998	0.00039999999999999996	0.0	0.0014	0.0006000000000000001	0.0015999999999999999	0.0007999999999999999	0.0026	0.0015999999999999999	0.003	0.0042	0.0	0.0	0.0012000000000000001	0.0015
	1	2	3	4	5	6	7	8	9	12	17	22	27	32	37	42	47	52	57	62	67	72	77	82	87	92	97	102	107	112	117	122	127	132	137	142	145
BP207_187_RCT_M026_V1_1_R1_subset	0.0	0.0	0.0	0.0	0.0	0.0	0.0	0.0	0.0	0.0	0.0	0.0	0.0	0.0	0.0	0.0	0.0	0.0	0.0	0.0	0.0	0.0	0.0	0.0	0.0	0.0	0.0	0.0	0.0	0.0	0.0	0.0	0.0	0.0	0.0	0.0	0.0
	1	2	3	4	5	6	7	8	9	12	17	22	27	32	37	42	47	52	57	62	67	72	77	82	87	92	97	102	107	112	117	122	127	132	137	142	145
BP207_187_RCT_M026_V1_1_R2_subset	0.0	0.0	0.0	0.0	0.0	0.0	0.0	0.0	0.0	0.0	0.0	0.0	0.0	0.0	0.0	0.0	0.0	0.0	0.001	0.00019999999999999998	0.0	0.0058	0.00019999999999999998	0.0	0.0	0.001	0.0012000000000000001	0.0015999999999999999	0.00019999999999999998	0.0015999999999999999	0.0012000000000000001	0.0034	0.0036	0.0	0.0	0.00019999999999999998	0.0015
	1	2	3	4	5	6	7	8	9	12	17	22	27	32	37	42	47	52	57	62	67	72	77	82	87	92	97	102	107	112	117	122	127	132	137	142	145
BP213_193_RCT_M040_V1_1_R1_subset	0.0	0.0	0.0	0.0	0.0	0.0	0.0	0.0	0.0	0.0	0.0	0.0	0.0	0.0	0.0	0.0	0.0	0.0	0.0	0.0	0.0	0.0	0.0	0.0	0.0	0.0	0.0	0.0	0.0	0.0	0.0	0.0	0.0	0.0	0.0	0.0	0.0
	1	2	3	4	5	6	7	8	9	12	17	22	27	32	37	42	47	52	57	62	67	72	77	82	87	92	97	102	107	112	117	122	127	132	137	142	145
BP213_193_RCT_M040_V1_1_R2_subset	0.0	0.0	0.0	0.0	0.0	0.0	0.0	0.0	0.0	0.0	0.0	0.0	0.0	0.0	0.0	0.0	0.0	0.0	0.0006000000000000001	0.00039999999999999996	0.00019999999999999998	0.0052	0.00039999999999999996	0.0007999999999999999	0.00019999999999999998	0.0007999999999999999	0.001	0.001	0.0	0.0007999999999999999	0.0012000000000000001	0.003	0.0042	0.0	0.0006000000000000001	0.0022	0.002
	1	2	3	4	5	6	7	8	9	12	17	22	27	32	37	42	47	52	57	62	67	72	77	82	87	92	97	102	107	112	117	122	127	132	137	142	145
BP220_200_RCT_M048_T1_1_R1_subset	0.0	0.0	0.0	0.0	0.0	0.0	0.0	0.0	0.0	0.0	0.0	0.0	0.0	0.0	0.0	0.0	0.0	0.0	0.0	0.0	0.0	0.0	0.0	0.0	0.0	0.0	0.0	0.0	0.0	0.0	0.0	0.0	0.0	0.0	0.0	0.0	0.0
	1	2	3	4	5	6	7	8	9	12	17	22	27	32	37	42	47	52	57	62	67	72	77	82	87	92	97	102	107	112	117	122	127	132	137	142	145
BP220_200_RCT_M048_T1_1_R2_subset	0.0	0.0	0.0	0.0	0.0	0.0	0.0	0.0	0.0	0.0	0.0	0.0	0.0	0.0	0.0	0.0	0.0	0.0	0.0	0.0004063306312346357	0.0004063306312346357	0.004469636943580992	0.0004063306312346357	0.0012189918937039069	0.0004063306312346357	0.0024379837874078138	0.0012189918937039069	0.0028443144186424494	0.0008126612624692714	0.004063306312346356	0.0028443144186424494	0.006094959468519534	0.004063306312346356	0.0	0.0004063306312346357	0.0024379837874078138	0.002031653156173178
	1	2	3	4	5	6	7	8	9	12	17	22	27	32	37	42	47	52	57	62	67	72	77	82	87	92	97	102	107	112	117	122	127	132	137	142	145
BP221_201_RCT_M049_T1_1_R1_subset	0.0	0.0	0.0	0.0	0.0	0.0	0.0	0.0	0.0	0.0	0.0	0.0	0.0	0.0	0.0	0.0	0.0	0.0	0.0	0.0	0.0	0.0	0.0	0.0	0.0	0.0	0.0	0.0	0.0	0.0	0.0	0.0	0.0	0.0	0.0	0.0	0.0
	1	2	3	4	5	6	7	8	9	12	17	22	27	32	37	42	47	52	57	62	67	72	77	82	87	92	97	102	107	112	117	122	127	132	137	142	145
BP221_201_RCT_M049_T1_1_R2_subset	0.0	0.0	0.0	0.0	0.0	0.0	0.0	0.0	0.0	0.0	0.0	0.0	0.0	0.0	0.0	0.0	0.0	0.0	0.0024815948382827364	0.0	0.0	0.0027573275980919292	0.0	0.0	0.0	0.0008271982794275789	0.0005514655196183859	0.0022058620784735435	0.0005514655196183859	0.0019301293186643506	0.0016543965588551577	0.0024815948382827364	0.004411724156947087	0.0	0.00027573275980919293	0.0022058620784735435	0.0
	1	2	3	4	5	6	7	8	9	12	17	22	27	32	37	42	47	52	57	62	67	72	77	82	87	92	97	102	107	112	117	122	127	132	137	142	145
BP230_210_RCT_M060_T1_1_R1_subset	0.0	0.0	0.0	0.0	0.0	0.0	0.0	0.0	0.0	0.0	0.0	0.0	0.0	0.0	0.0	0.0	0.0	0.0	0.0	0.0	0.0	0.0	0.0	0.0	0.0	0.0	0.0	0.0	0.0	0.0	0.0	0.0	0.0	0.0	0.0	0.0	0.0
	1	2	3	4	5	6	7	8	9	12	17	22	27	32	37	42	47	52	57	62	67	72	77	82	87	92	97	102	107	112	117	122	127	132	137	142	145
BP230_210_RCT_M060_T1_1_R2_subset	0.0	0.0	0.0	0.0	0.0	0.0	0.0	0.0	0.0	0.0	0.0	0.0	0.0	0.0	0.0	0.0	0.0	0.0	0.0026	0.0	0.0	0.0046	0.0	0.00039999999999999996	0.0	0.0	0.00019999999999999998	0.0	0.00019999999999999998	0.0012000000000000001	0.00019999999999999998	0.0015999999999999999	0.006999999999999999	0.0	0.0	0.001	0.0025
	1	2	3	4	5	6	7	8	9	12	17	22	27	32	37	42	47	52	57	62	67	72	77	82	87	92	97	102	107	112	117	122	127	132	137	142	145
BP239_218_RCT_M073_T1_1_R1_subset	0.0	0.0	0.0	0.0	0.0	0.0	0.0	0.0	0.0	0.0	0.0	0.0	0.0	0.0	0.0	0.0	0.0	0.0	0.0	0.0	0.0	0.0	0.0	0.0	0.0	0.0	0.0	0.0	0.0	0.0	0.0	0.0	0.0	0.0	0.0	0.0	0.0
	1	2	3	4	5	6	7	8	9	12	17	22	27	32	37	42	47	52	57	62	67	72	77	82	87	92	97	102	107	112	117	122	127	132	137	142	145
BP239_218_RCT_M073_T1_1_R2_subset	0.0	0.0	0.0	0.0	0.0	0.0	0.0	0.0	0.0	0.0	0.0	0.0	0.0	0.0	0.0	0.0	0.0	0.0	0.0014080257467565121	0.0002011465352509303	0.0002011465352509303	0.0034194910992658154	0.0002011465352509303	0.0010057326762546515	0.0002011465352509303	0.0008045861410037212	0.0004022930705018606	0.0006034396057527909	0.0006034396057527909	0.003218344564014885	0.0010057326762546515	0.0038217841697676756	0.0038217841697676756	0.0	0.0	0.0016091722820074424	0.004022930705018606
	1	2	3	4	5	6	7	8	9	12	17	22	27	32	37	42	47	52	57	62	67	72	77	82	87	92	97	102	107	112	117	122	127	132	137	142	145
BP243_222_RCT_M077_T1_1_R1_subset	0.0	0.0	0.0	0.0	0.0	0.0	0.0	0.0	0.0	0.0	0.0	0.0	0.0	0.0	0.0	0.0	0.0	0.0	0.0	0.0	0.0	0.0	0.0	0.0	0.0	0.0	0.0	0.0	0.0	0.0	0.0	0.0	0.0	0.0	0.0	0.0	0.0
	1	2	3	4	5	6	7	8	9	12	17	22	27	32	37	42	47	52	57	62	67	72	77	82	87	92	97	102	107	112	117	122	127	132	137	142	145
BP243_222_RCT_M077_T1_1_R2_subset	0.0	0.0	0.0	0.0	0.0	0.0	0.0	0.0	0.0	0.0	0.0	0.0	0.0	0.0	0.0	0.0	0.0	0.0	0.0012951969778737184	0.0006475984889368592	0.0004317323259579061	0.004749055585536966	0.0004317323259579061	0.0015110631408526713	0.0004317323259579061	0.0008634646519158122	0.0012951969778737184	0.0012951969778737184	0.0	0.0010793308148947653	0.0019427954668105774	0.002590393955747437	0.0032379924446842958	0.0	0.0004317323259579061	0.002374527792768483	0.0016189962223421479
	1	2	3	4	5	6	7	8	9	12	17	22	27	32	37	42	47	52	57	62	67	72	77	82	87	92	97	102	107	112	117	122	127	132	137	142	145
BP247_226_RCT_M006_V2_1_R1_subset	0.0	0.0	0.0	0.0	0.0	0.0	0.0	0.0	0.0	0.0	0.0	0.0	0.0	0.0	0.0	0.0	0.0	0.0	0.0	0.0	0.0	0.0	0.0	0.0	0.0	0.0	0.0	0.0	0.0	0.0	0.0	0.0	0.0	0.0	0.0	0.0	0.0
	1	2	3	4	5	6	7	8	9	12	17	22	27	32	37	42	47	52	57	62	67	72	77	82	87	92	97	102	107	112	117	122	127	132	137	142	145
BP247_226_RCT_M006_V2_1_R2_subset	0.0	0.0	0.0	0.0	0.0	0.0	0.0	0.0	0.0	0.0	0.0	0.0	0.0	0.0	0.0	0.0	0.0	0.0	0.0014	0.0006000000000000001	0.00019999999999999998	0.003	0.0006000000000000001	0.00019999999999999998	0.00019999999999999998	0.001	0.0007999999999999999	0.0014	0.00019999999999999998	0.0012000000000000001	0.0012000000000000001	0.003	0.0036	0.0	0.0	0.00039999999999999996	0.0005
	1	2	3	4	5	6	7	8	9	12	17	22	27	32	37	42	47	52	57	62	67	72	77	82	87	92	97	102	107	112	117	122	127	132	137	142	145
BP250_229_RCT_M013_T2_1_R1_subset	0.0	0.0	0.0	0.0	0.0	0.0	0.0	0.0	0.0	0.0	0.0	0.0	0.0	0.0	0.0	0.0	0.0	0.0	0.0	0.0	0.0	0.0	0.0	0.0	0.0	0.0	0.0	0.0	0.0	0.0	0.0	0.0	0.0	0.0	0.0	0.0	0.0
	1	2	3	4	5	6	7	8	9	12	17	22	27	32	37	42	47	52	57	62	67	72	77	82	87	92	97	102	107	112	117	122	127	132	137	142	145
BP250_229_RCT_M013_T2_1_R2_subset	0.0	0.0	0.0	0.0	0.0	0.0	0.0	0.0	0.0	0.0	0.0	0.0	0.0	0.0	0.0	0.0	0.0	0.0	0.0018	0.00019999999999999998	0.00019999999999999998	0.0052	0.00019999999999999998	0.00039999999999999996	0.0	0.00039999999999999996	0.00019999999999999998	0.0006000000000000001	0.00019999999999999998	0.0024000000000000002	0.0006000000000000001	0.0038000000000000004	0.004	0.0	0.0	0.001	0.003
	1	2	3	4	5	6	7	8	9	12	17	22	27	32	37	42	47	52	57	62	67	72	77	82	87	92	97	102	107	112	117	122	127	132	137	142	145
BP276_254_RCT_M062_T2_1_R1_subset	0.0	0.0	0.0	0.0	0.0	0.0	0.0	0.0	0.0	0.0	0.0	0.0	0.0	0.0	0.0	0.0	0.0	0.0	0.0	0.0	0.0	0.0	0.0	0.0	0.0	0.0	0.0	0.0	0.0	0.0	0.0	0.0	0.0	0.0	0.0	0.0	0.0
	1	2	3	4	5	6	7	8	9	12	17	22	27	32	37	42	47	52	57	62	67	72	77	82	87	92	97	102	107	112	117	122	127	132	137	142	145
BP276_254_RCT_M062_T2_1_R2_subset	0.0	0.0	0.0	0.0	0.0	0.0	0.0	0.0	0.0	0.0	0.0	0.0	0.0	0.0	0.0	0.0	0.0	0.0	0.0015999999999999999	0.0006000000000000001	0.00039999999999999996	0.005	0.00039999999999999996	0.0006000000000000001	0.00039999999999999996	0.001	0.0014	0.0014	0.00019999999999999998	0.0014	0.0015999999999999999	0.0022	0.0058	0.0	0.0	0.0007999999999999999	0.001
	1	2	3	4	5	6	7	8	9	12	17	22	27	32	37	42	47	52	57	62	67	72	77	82	87	92	97	102	107	112	117	122	127	132	137	142	145
BP277_255_RCT_M064_T2_1_R1_subset	0.0	0.0	0.0	0.0	0.0	0.0	0.0	0.0	0.0	0.0	0.0	0.0	0.0	0.0	0.0	0.0	0.0	0.0	0.0	0.0	0.0	0.0	0.0	0.0	0.0	0.0	0.0	0.0	0.0	0.0	0.0	0.0	0.0	0.0	0.0	0.0	0.0
	1	2	3	4	5	6	7	8	9	12	17	22	27	32	37	42	47	52	57	62	67	72	77	82	87	92	97	102	107	112	117	122	127	132	137	142	145
BP277_255_RCT_M064_T2_1_R2_subset	0.0	0.0	0.0	0.0	0.0	0.0	0.0	0.0	0.0	0.0	0.0	0.0	0.0	0.0	0.0	0.0	0.0	0.0	0.0010924484500887614	0.0	0.0	0.003004233237744094	0.00027311211252219035	0.00027311211252219035	0.0	0.0	0.0005462242250443807	0.0013655605626109518	0.0	0.0010924484500887614	0.0010924484500887614	0.0019117847876553326	0.0043697938003550455	0.0	0.0	0.0010924484500887614	0.0006827802813054759
	1	2	3	4	5	6	7	8	9	12	17	22	27	32	37	42	47	52	57	62	67	72	77	82	87	92	97	102	107	112	117	122	127	132	137	142	145
BP285_263_RCT_M080_T2_1_R1_subset	0.0	0.0	0.0	0.0	0.0	0.0	0.0	0.0	0.0	0.0	0.0	0.0	0.0	0.0	0.0	0.0	0.0	0.0	0.0	0.0	0.0	0.0	0.0	0.0	0.0	0.0	0.0	0.0	0.0	0.0	0.0	0.0	0.0	0.0	0.0	0.0	0.0
	1	2	3	4	5	6	7	8	9	12	17	22	27	32	37	42	47	52	57	62	67	72	77	82	87	92	97	102	107	112	117	122	127	132	137	142	145
BP285_263_RCT_M080_T2_1_R2_subset	0.0	0.0	0.0	0.0	0.0	0.0	0.0	0.0	0.0	0.0	0.0	0.0	0.0	0.0	0.0	0.0	0.0	0.0	0.0026	0.001	0.0006000000000000001	0.0072	0.0007999999999999999	0.0007999999999999999	0.00039999999999999996	0.0014	0.0012000000000000001	0.0024000000000000002	0.00019999999999999998	0.0018	0.0024000000000000002	0.003	0.006	0.0	0.0	0.0007999999999999999	0.0015
	1	2	3	4	5	6	7	8	9	12	17	22	27	32	37	42	47	52	57	62	67	72	77	82	87	92	97	102	107	112	117	122	127	132	137	142	145
BP288_266_RCT_M010_V3_1_R1_subset	0.0	0.0	0.0	0.0	0.0	0.0	0.0	0.0	0.0	0.0	0.0	0.0	0.0	0.0	0.0	0.0	0.0	0.0	0.0	0.0	0.0	0.0	0.0	0.0	0.0	0.0	0.0	0.0	0.0	0.0	0.0	0.0	0.0	0.0	0.0	0.0	0.0
	1	2	3	4	5	6	7	8	9	12	17	22	27	32	37	42	47	52	57	62	67	72	77	82	87	92	97	102	107	112	117	122	127	132	137	142	145
BP288_266_RCT_M010_V3_1_R2_subset	0.0	0.0	0.0	0.0	0.0	0.0	0.0	0.0	0.0	0.0	0.0	0.0	0.0	0.0	0.0	0.0	0.0	0.0	0.0022	0.00019999999999999998	0.00019999999999999998	0.006600000000000001	0.00019999999999999998	0.0006000000000000001	0.00019999999999999998	0.0006000000000000001	0.0006000000000000001	0.0006000000000000001	0.0	0.0012000000000000001	0.0007999999999999999	0.0028	0.0048000000000000004	0.0	0.0	0.0012000000000000001	0.0025
	1	2	3	4	5	6	7	8	9	12	17	22	27	32	37	42	47	52	57	62	67	72	77	82	87	92	97	102	107	112	117	122	127	132	137	142	145
BP293_271_RCT_M026_V3_1_R1_subset	0.0	0.0	0.0	0.0	0.0	0.0	0.0	0.0	0.0	0.0	0.0	0.0	0.0	0.0	0.0	0.0	0.0	0.0	0.0	0.0	0.0	0.0	0.0	0.0	0.0	0.0	0.0	0.0	0.0	0.0	0.0	0.0	0.0	0.0	0.0	0.0	0.0
	1	2	3	4	5	6	7	8	9	12	17	22	27	32	37	42	47	52	57	62	67	72	77	82	87	92	97	102	107	112	117	122	127	132	137	142	145
BP293_271_RCT_M026_V3_1_R2_subset	0.0	0.0	0.0	0.0	0.0	0.0	0.0	0.0	0.0	0.0	0.0	0.0	0.0	0.0	0.0	0.0	0.0	0.0	0.0019102196752626551	0.0002387774594078319	0.0002387774594078319	0.004059216809933142	0.0002387774594078319	0.0009551098376313276	0.0	0.0002387774594078319	0.0002387774594078319	0.0011938872970391596	0.0	0.0016714422158548234	0.0009551098376313276	0.004059216809933142	0.0038204393505253103	0.0	0.0004775549188156638	0.002148997134670487	0.0029847182425978987
	1	2	3	4	5	6	7	8	9	12	17	22	27	32	37	42	47	52	57	62	67	72	77	82	87	92	97	102	107	112	117	122	127	132	137	142	145
BP294_272_RCT_M027_T3_1_R1_subset	0.0	0.0	0.0	0.0	0.0	0.0	0.0	0.0	0.0	0.0	0.0	0.0	0.0	0.0	0.0	0.0	0.0	0.0	0.0	0.0	0.0	0.0	0.0	0.0	0.0	0.0	0.0	0.0	0.0	0.0	0.0	0.0	0.0	0.0	0.0	0.0	0.0
	1	2	3	4	5	6	7	8	9	12	17	22	27	32	37	42	47	52	57	62	67	72	77	82	87	92	97	102	107	112	117	122	127	132	137	142	145
BP294_272_RCT_M027_T3_1_R2_subset	0.0	0.0	0.0	0.0	0.0	0.0	0.0	0.0	0.0	0.0	0.0	0.0	0.0	0.0	0.0	0.0	0.0	0.0	0.0013448994687647099	0.00044829982292156996	0.00022414991146078498	0.0022414991146078498	0.00022414991146078498	0.0008965996458431399	0.00022414991146078498	0.00044829982292156996	0.0011207495573039249	0.0008965996458431399	0.00022414991146078498	0.0013448994687647099	0.0011207495573039249	0.0022414991146078498	0.0035863985833725597	0.0	0.0	0.0013448994687647099	0.0016811243359558872
	1	2	3	4	5	6	7	8	9	12	17	22	27	32	37	42	47	52	57	62	67	72	77	82	87	92	97	102	107	112	117	122	127	132	137	142	145
BP300_278_RCT_M041_V3_1_R1_subset	0.0	0.0	0.0	0.0	0.0	0.0	0.0	0.0	0.0	0.0	0.0	0.0	0.0	0.0	0.0	0.0	0.0	0.0	0.0	0.0	0.0	0.0	0.0	0.0	0.0	0.0	0.0	0.0	0.0	0.0	0.0	0.0	0.0	0.0	0.0	0.0	0.0
	1	2	3	4	5	6	7	8	9	12	17	22	27	32	37	42	47	52	57	62	67	72	77	82	87	92	97	102	107	112	117	122	127	132	137	142	145
BP300_278_RCT_M041_V3_1_R2_subset	0.0	0.0	0.0	0.0	0.0	0.0	0.0	0.0	0.0	0.0	0.0	0.0	0.0	0.0	0.0	0.0	0.0	0.0	0.002223416279112857	0.0003705693798521428	0.0003705693798521428	0.003335124418669285	0.0003705693798521428	0.0007411387597042856	0.0003705693798521428	0.0011117081395564286	0.0007411387597042856	0.0018528468992607139	0.0003705693798521428	0.0018528468992607139	0.0014822775194085712	0.003335124418669285	0.005558540697782142	0.0	0.0	0.0018528468992607139	0.002779270348891071
	1	2	3	4	5	6	7	8	9	12	17	22	27	32	37	42	47	52	57	62	67	72	77	82	87	92	97	102	107	112	117	122	127	132	137	142	145
BP309_287_REC_M050_T3_1_R1_subset	0.0	0.0	0.0	0.0	0.0	0.0	0.0	0.0	0.0	0.0	0.0	0.0	0.0	0.0	0.0	0.0	0.0	0.0	0.0	0.0	0.0	0.0	0.0	0.0	0.0	0.0	0.0	0.0	0.0	0.0	0.0	0.0	0.0	0.0	0.0	0.0	0.0
	1	2	3	4	5	6	7	8	9	12	17	22	27	32	37	42	47	52	57	62	67	72	77	82	87	92	97	102	107	112	117	122	127	132	137	142	145
BP309_287_REC_M050_T3_1_R2_subset	0.0	0.0	0.0	0.0	0.0	0.0	0.0	0.0	0.0	0.0	0.0	0.0	0.0	0.0	0.0	0.0	0.0	0.0	0.0007999999999999999	0.0006000000000000001	0.00039999999999999996	0.006600000000000001	0.0007999999999999999	0.0018	0.00039999999999999996	0.0018	0.0018	0.0022	0.0007999999999999999	0.004	0.0024000000000000002	0.0056	0.0044	0.0	0.0	0.002	0.005
	1	2	3	4	5	6	7	8	9	12	17	22	27	32	37	42	47	52	57	62	67	72	77	82	87	92	97	102	107	112	117	122	127	132	137	142	145
BP311_289_RCT_M054_T3_1_R1_subset	0.0	0.0	0.0	0.0	0.0	0.0	0.0	0.0	0.0	0.0	0.0	0.0	0.0	0.0	0.0	0.0	0.0	0.0	0.0	0.0	0.0	0.0	0.0	0.0	0.0	0.0	0.0	0.0	0.0	0.0	0.0	0.0	0.0	0.0	0.0	0.0	0.0
	1	2	3	4	5	6	7	8	9	12	17	22	27	32	37	42	47	52	57	62	67	72	77	82	87	92	97	102	107	112	117	122	127	132	137	142	145
BP311_289_RCT_M054_T3_1_R2_subset	0.0	0.0	0.0	0.0	0.0	0.0	0.0	0.0	0.0	0.0	0.0	0.0	0.0	0.0	0.0	0.0	0.0	0.0	0.0015999999999999999	0.00039999999999999996	0.00039999999999999996	0.005399999999999999	0.00039999999999999996	0.0006000000000000001	0.00019999999999999998	0.0007999999999999999	0.001	0.0007999999999999999	0.0	0.0007999999999999999	0.001	0.0018	0.0034	0.0	0.0	0.0012000000000000001	0.002
	1	2	3	4	5	6	7	8	9	12	17	22	27	32	37	42	47	52	57	62	67	72	77	82	87	92	97	102	107	112	117	122	127	132	137	142	145
BP317_294_RCT_M059_T3_1_R1_subset	0.0	0.0	0.0	0.0	0.0	0.0	0.0	0.0	0.0	0.0	0.0	0.0	0.0	0.0	0.0	0.0	0.0	0.0	0.0	0.0	0.0	0.0	0.0	0.0	0.0	0.0	0.0	0.0	0.0	0.0	0.0	0.0	0.0	0.0	0.0	0.0	0.0
	1	2	3	4	5	6	7	8	9	12	17	22	27	32	37	42	47	52	57	62	67	72	77	82	87	92	97	102	107	112	117	122	127	132	137	142	145
BP317_294_RCT_M059_T3_1_R2_subset	0.0	0.0	0.0	0.0	0.0	0.0	0.0	0.0	0.0	0.0	0.0	0.0	0.0	0.0	0.0	0.0	0.0	0.0	0.0018	0.00019999999999999998	0.00019999999999999998	0.0042	0.00039999999999999996	0.00019999999999999998	0.00019999999999999998	0.0006000000000000001	0.0006000000000000001	0.001	0.0	0.0007999999999999999	0.0012000000000000001	0.0022	0.0031999999999999997	0.0	0.0	0.0007999999999999999	0.0015
	1	2	3	4	5	6	7	8	9	12	17	22	27	32	37	42	47	52	57	62	67	72	77	82	87	92	97	102	107	112	117	122	127	132	137	142	145
BP319_296_RCT_M061_T3_1_R1_subset	0.0	0.0	0.0	0.0	0.0	0.0	0.0	0.0	0.0	0.0	0.0	0.0	0.0	0.0	0.0	0.0	0.0	0.0	0.0	0.0	0.0	0.0	0.0	0.0	0.0	0.0	0.0	0.0	0.0	0.0	0.0	0.0	0.0	0.0	0.0	0.0	0.0
	1	2	3	4	5	6	7	8	9	12	17	22	27	32	37	42	47	52	57	62	67	72	77	82	87	92	97	102	107	112	117	122	127	132	137	142	145
BP319_296_RCT_M061_T3_1_R2_subset	0.0	0.0	0.0	0.0	0.0	0.0	0.0	0.0	0.0	0.0	0.0	0.0	0.0	0.0	0.0	0.0	0.0	0.0	0.0015999999999999999	0.00019999999999999998	0.00019999999999999998	0.0031999999999999997	0.00019999999999999998	0.001	0.0	0.00039999999999999996	0.00019999999999999998	0.0012000000000000001	0.00019999999999999998	0.002	0.0007999999999999999	0.0026	0.0038000000000000004	0.0	0.0	0.0014	0.0025
	1	2	3	4	5	6	7	8	9	12	17	22	27	32	37	42	47	52	57	62	67	72	77	82	87	92	97	102	107	112	117	122	127	132	137	142	145
BP320_297_RECT_M062_T3_1_R1_subset	0.0	0.0	0.0	0.0	0.0	0.0	0.0	0.0	0.0	0.0	0.0	0.0	0.0	0.0	0.0	0.0	0.0	0.0	0.0	0.0	0.0	0.0	0.0	0.0	0.0	0.0	0.0	0.0	0.0	0.0	0.0	0.0	0.0	0.0	0.0	0.0	0.0
	1	2	3	4	5	6	7	8	9	12	17	22	27	32	37	42	47	52	57	62	67	72	77	82	87	92	97	102	107	112	117	122	127	132	137	142	145
BP320_297_RECT_M062_T3_1_R2_subset	0.0	0.0	0.0	0.0	0.0	0.0	0.0	0.0	0.0	0.0	0.0	0.0	0.0	0.0	0.0	0.0	0.0	0.0	0.002	0.0	0.0	0.0031999999999999997	0.0	0.00019999999999999998	0.0	0.0007999999999999999	0.00019999999999999998	0.0012000000000000001	0.0006000000000000001	0.0022	0.0006000000000000001	0.0024000000000000002	0.005	0.0	0.0	0.0014	0.0005
	1	2	3	4	5	6	7	8	9	12	17	22	27	32	37	42	47	52	57	62	67	72	77	82	87	92	97	102	107	112	117	122	127	132	137	142	145
BP323_300_RCT_M068_T3_1_R1_subset	0.0	0.0	0.0	0.0	0.0	0.0	0.0	0.0	0.0	0.0	0.0	0.0	0.0	0.0	0.0	0.0	0.0	0.0	0.0	0.0	0.0	0.0	0.0	0.0	0.0	0.0	0.0	0.0	0.0	0.0	0.0	0.0	0.0	0.0	0.0	0.0	0.0
	1	2	3	4	5	6	7	8	9	12	17	22	27	32	37	42	47	52	57	62	67	72	77	82	87	92	97	102	107	112	117	122	127	132	137	142	145
BP323_300_RCT_M068_T3_1_R2_subset	0.0	0.0	0.0	0.0	0.0	0.0	0.0	0.0	0.0	0.0	0.0	0.0	0.0	0.0	0.0	0.0	0.0	0.0	0.0026	0.0006000000000000001	0.00019999999999999998	0.0046	0.0006000000000000001	0.0006000000000000001	0.0	0.0007999999999999999	0.0006000000000000001	0.0007999999999999999	0.00019999999999999998	0.0015999999999999999	0.0007999999999999999	0.0031999999999999997	0.0046	0.0	0.0	0.002	0.0015
	1	2	3	4	5	6	7	8	9	12	17	22	27	32	37	42	47	52	57	62	67	72	77	82	87	92	97	102	107	112	117	122	127	132	137	142	145
BP324_301_RCT_M071_T3_1_R1_subset	0.0	0.0	0.0	0.0	0.0	0.0	0.0	0.0	0.0	0.0	0.0	0.0	0.0	0.0	0.0	0.0	0.0	0.0	0.0	0.0	0.0	0.0	0.0	0.0	0.0	0.0	0.0	0.0	0.0	0.0	0.0	0.0	0.0	0.0	0.0	0.0	0.0
	1	2	3	4	5	6	7	8	9	12	17	22	27	32	37	42	47	52	57	62	67	72	77	82	87	92	97	102	107	112	117	122	127	132	137	142	145
BP324_301_RCT_M071_T3_1_R2_subset	0.0	0.0	0.0	0.0	0.0	0.0	0.0	0.0	0.0	0.0	0.0	0.0	0.0	0.0	0.0	0.0	0.0	0.0	0.0014	0.00019999999999999998	0.0	0.003	0.00019999999999999998	0.0006000000000000001	0.0	0.00039999999999999996	0.00019999999999999998	0.00039999999999999996	0.0	0.0015999999999999999	0.00039999999999999996	0.003	0.0048000000000000004	0.0	0.00019999999999999998	0.001	0.003
	1	2	3	4	5	6	7	8	9	12	17	22	27	32	37	42	47	52	57	62	67	72	77	82	87	92	97	102	107	112	117	122	127	132	137	142	145
BP341_318_RECT_M028_PP_1_R1_subset	0.0	0.0	0.0	0.0	0.0	0.0	0.0	0.0	0.0	0.0	0.0	0.0	0.0	0.0	0.0	0.0	0.0	0.0	0.0	0.0	0.0	0.0	0.0	0.0	0.0	0.0	0.0	0.0	0.0	0.0	0.0	0.0	0.0	0.0	0.0	0.0	0.0
	1	2	3	4	5	6	7	8	9	12	17	22	27	32	37	42	47	52	57	62	67	72	77	82	87	92	97	102	107	112	117	122	127	132	137	142	145
BP341_318_RECT_M028_PP_1_R2_subset	0.0	0.0	0.0	0.0	0.0	0.0	0.0	0.0	0.0	0.0	0.0	0.0	0.0	0.0	0.0	0.0	0.0	0.0	0.001	0.001	0.0006000000000000001	0.0044	0.0007999999999999999	0.001	0.00019999999999999998	0.001	0.0012000000000000001	0.0012000000000000001	0.0	0.0012000000000000001	0.0018	0.0028	0.0038000000000000004	0.0	0.0	0.001	0.0025
	1	2	3	4	5	6	7	8	9	12	17	22	27	32	37	42	47	52	57	62	67	72	77	82	87	92	97	102	107	112	117	122	127	132	137	142	145
BP350_327_RCT_M048_PP_1_R1_subset	0.0	0.0	0.0	0.0	0.0	0.0	0.0	0.0	0.0	0.0	0.0	0.0	0.0	0.0	0.0	0.0	0.0	0.0	0.0	0.0	0.0	0.0	0.0	0.0	0.0	0.0	0.0	0.0	0.0	0.0	0.0	0.0	0.0	0.0	0.0	0.0	0.0
	1	2	3	4	5	6	7	8	9	12	17	22	27	32	37	42	47	52	57	62	67	72	77	82	87	92	97	102	107	112	117	122	127	132	137	142	145
BP350_327_RCT_M048_PP_1_R2_subset	0.0	0.0	0.0	0.0	0.0	0.0	0.0	0.0	0.0	0.0	0.0	0.0	0.0	0.0	0.0	0.0	0.0	0.0	0.001278396379581453	0.0005113585518325812	0.0002556792759162906	0.00434654769057694	0.0007670378277488719	0.0	0.0	0.0007670378277488719	0.0007670378277488719	0.0010227171036651624	0.0002556792759162906	0.001278396379581453	0.001278396379581453	0.0030681513109954875	0.00409086841466065	0.0	0.0	0.0002556792759162906	0.0019175945693721797
	1	2	3	4	5	6	7	8	9	12	17	22	27	32	37	42	47	52	57	62	67	72	77	82	87	92	97	102	107	112	117	122	127	132	137	142	145
BP358_335_RCT_M058_PP_1_R1_subset	0.0	0.0	0.0	0.0	0.0	0.0	0.0	0.0	0.0	0.0	0.0	0.0	0.0	0.0	0.0	0.0	0.0	0.0	0.0	0.0	0.0	0.0	0.0	0.0	0.0	0.0	0.0	0.0	0.0	0.0	0.0	0.0	0.0	0.0	0.0	0.0	0.0
	1	2	3	4	5	6	7	8	9	12	17	22	27	32	37	42	47	52	57	62	67	72	77	82	87	92	97	102	107	112	117	122	127	132	137	142	145
BP358_335_RCT_M058_PP_1_R2_subset	0.0	0.0	0.0	0.0	0.0	0.0	0.0	0.0	0.0	0.0	0.0	0.0	0.0	0.0	0.0	0.0	0.0	0.0	0.001378169790518192	0.0	0.0	0.005053289231900037	0.0	0.0	0.0	0.00045938993017273055	0.0	0.00045938993017273055	0.00045938993017273055	0.0018375597206909222	0.00045938993017273055	0.0009187798603454611	0.004134509371554575	0.0	0.0	0.00045938993017273055	0.0
	1	2	3	4	5	6	7	8	9	12	17	22	27	32	37	42	47	52	57	62	67	72	77	82	87	92	97	102	107	112	117	122	127	132	137	142	145
BP359_336_RCT_M059_PP_1_R1_subset	0.0	0.0	0.0	0.0	0.0	0.0	0.0	0.0	0.0	0.0	0.0	0.0	0.0	0.0	0.0	0.0	0.0	0.0	0.0	0.0	0.0	0.0	0.0	0.0	0.0	0.0	0.0	0.0	0.0	0.0	0.0	0.0	0.0	0.0	0.0	0.0	0.0
	1	2	3	4	5	6	7	8	9	12	17	22	27	32	37	42	47	52	57	62	67	72	77	82	87	92	97	102	107	112	117	122	127	132	137	142	145
BP359_336_RCT_M059_PP_1_R2_subset	0.0	0.0	0.0	0.0	0.0	0.0	0.0	0.0	0.0	0.0	0.0	0.0	0.0	0.0	0.0	0.0	0.0	0.0	0.001078574125006741	0.0007190494166711607	0.0007190494166711607	0.004673821208362545	0.0007190494166711607	0.0007190494166711607	0.00035952470833558036	0.001078574125006741	0.0014380988333423214	0.0025166729583490626	0.0	0.0014380988333423214	0.002876197666684643	0.003235722375020223	0.003235722375020223	0.0007190494166711607	0.00035952470833558036	0.001797623541677902	0.0026964353125168527
	1	2	3	4	5	6	7	8	9	12	17	22	27	32	37	42	47	52	57	62	67	72	77	82	87	92	97	102	107	112	117	122	127	132	137	142	145
BP361_338_RCT_M061_PP_1_R1_subset	0.0	0.0	0.0	0.0	0.0	0.0	0.0	0.0	0.0	0.0	0.0	0.0	0.0	0.0	0.0	0.0	0.0	0.0	0.0	0.0	0.0	0.0	0.0	0.0	0.0	0.0	0.0	0.0	0.0	0.0	0.0	0.0	0.0	0.0	0.0	0.0	0.0
	1	2	3	4	5	6	7	8	9	12	17	22	27	32	37	42	47	52	57	62	67	72	77	82	87	92	97	102	107	112	117	122	127	132	137	142	145
BP361_338_RCT_M061_PP_1_R2_subset	0.0	0.0	0.0	0.0	0.0	0.0	0.0	0.0	0.0	0.0	0.0	0.0	0.0	0.0	0.0	0.0	0.0	0.0	0.000628229492233513	0.0003141147461167565	0.0003141147461167565	0.00439760644563459	0.0003141147461167565	0.000628229492233513	0.0003141147461167565	0.0018846884767005387	0.0009423442383502693	0.002198803222817295	0.0009423442383502693	0.0028270327150508082	0.0018846884767005387	0.0034552622072843214	0.004083491699517834	0.0	0.0	0.002512917968934052	0.0007852868652918911
	1	2	3	4	5	6	7	8	9	12	17	22	27	32	37	42	47	52	57	62	67	72	77	82	87	92	97	102	107	112	117	122	127	132	137	142	145
BP365_342_RCT_M068_PP_1_R1_subset	0.0	0.0	0.0	0.0	0.0	0.0	0.0	0.0	0.0	0.0	0.0	0.0	0.0	0.0	0.0	0.0	0.0	0.0	0.0	0.0	0.0	0.0	0.0	0.0	0.0	0.0	0.0	0.0	0.0	0.0	0.0	0.0	0.0	0.0	0.0	0.0	0.0
	1	2	3	4	5	6	7	8	9	12	17	22	27	32	37	42	47	52	57	62	67	72	77	82	87	92	97	102	107	112	117	122	127	132	137	142	145
BP365_342_RCT_M068_PP_1_R2_subset	0.0	0.0	0.0	0.0	0.0	0.0	0.0	0.0	0.0	0.0	0.0	0.0	0.0	0.0	0.0	0.0	0.0	0.0	0.002	0.00039999999999999996	0.00019999999999999998	0.006600000000000001	0.0007999999999999999	0.0007999999999999999	0.0	0.0006000000000000001	0.0007999999999999999	0.0012000000000000001	0.0	0.0012000000000000001	0.001	0.003	0.0044	0.0	0.0	0.0012000000000000001	0.0025
	1	2	3	4	5	6	7	8	9	12	17	22	27	32	37	42	47	52	57	62	67	72	77	82	87	92	97	102	107	112	117	122	127	132	137	142	145
BP367_344_RCT_M072_PP_1_R1_subset	0.0	0.0	0.0	0.0	0.0	0.0	0.0	0.0	0.0	0.0	0.0	0.0	0.0	0.0	0.0	0.0	0.0	0.0	0.0	0.0	0.0	0.0	0.0	0.0	0.0	0.0	0.0	0.0	0.0	0.0	0.0	0.0	0.0	0.0	0.0	0.0	0.0
	1	2	3	4	5	6	7	8	9	12	17	22	27	32	37	42	47	52	57	62	67	72	77	82	87	92	97	102	107	112	117	122	127	132	137	142	145
BP367_344_RCT_M072_PP_1_R2_subset	0.0	0.0	0.0	0.0	0.0	0.0	0.0	0.0	0.0	0.0	0.0	0.0	0.0	0.0	0.0	0.0	0.0	0.0	0.002	0.0007999999999999999	0.00039999999999999996	0.0048000000000000004	0.0006000000000000001	0.0014	0.00039999999999999996	0.0012000000000000001	0.001	0.0015999999999999999	0.00019999999999999998	0.002	0.0015999999999999999	0.0031999999999999997	0.0046	0.0	0.0	0.001	0.0025
	1	2	3	4	5	6	7	8	9	12	17	22	27	32	37	42	47	52	57	62	67	72	77	82	87	92	97	102	107	112	117	122	127	132	137	142	145
BP368_345_RCT_M073_PP_1_R1_subset	0.0	0.0	0.0	0.0	0.0	0.0	0.0	0.0	0.0	0.0	0.0	0.0	0.0	0.0	0.0	0.0	0.0	0.0	0.0	0.0	0.0	0.0	0.0	0.0	0.0	0.0	0.0	0.0	0.0	0.0	0.0	0.0	0.0	0.0	0.0	0.0	0.0
	1	2	3	4	5	6	7	8	9	12	17	22	27	32	37	42	47	52	57	62	67	72	77	82	87	92	97	102	107	112	117	122	127	132	137	142	145
BP368_345_RCT_M073_PP_1_R2_subset	0.0	0.0	0.0	0.0	0.0	0.0	0.0	0.0	0.0	0.0	0.0	0.0	0.0	0.0	0.0	0.0	0.0	0.0	0.001690236069637726	0.001690236069637726	0.0011268240464251506	0.005634120232125754	0.001690236069637726	0.001690236069637726	0.0005634120232125753	0.0011268240464251506	0.0022536480928503013	0.003380472139275452	0.0	0.003380472139275452	0.003943884162488027	0.0045072961857006025	0.005634120232125754	0.0005634120232125753	0.0	0.0005634120232125753	0.002817060116062877
	1	2	3	4	5	6	7	8	9	12	17	22	27	32	37	42	47	52	57	62	67	72	77	82	87	92	97	102	107	112	117	122	127	132	137	142	145
BP371_348_RCT_M076_PP_1_R1_subset	0.0	0.0	0.0	0.0	0.0	0.0	0.0	0.0	0.0	0.0	0.0	0.0	0.0	0.0	0.0	0.0	0.0	0.0	0.0	0.0	0.0	0.0	0.0	0.0	0.0	0.0	0.0	0.0	0.0	0.0	0.0	0.0	0.0	0.0	0.0	0.0	0.0
	1	2	3	4	5	6	7	8	9	12	17	22	27	32	37	42	47	52	57	62	67	72	77	82	87	92	97	102	107	112	117	122	127	132	137	142	145
BP371_348_RCT_M076_PP_1_R2_subset	0.0	0.0	0.0	0.0	0.0	0.0	0.0	0.0	0.0	0.0	0.0	0.0	0.0	0.0	0.0	0.0	0.0	0.0	0.0014	0.0	0.0	0.0044	0.0	0.00019999999999999998	0.0	0.0	0.00039999999999999996	0.0007999999999999999	0.0	0.00019999999999999998	0.0007999999999999999	0.0014	0.0052	0.0	0.0	0.00019999999999999998	0.0005
	1	2	3	4	5	6	7	8	9	12	17	22	27	32	37	42	47	52	57	62	67	72	77	82	87	92	97	102	107	112	117	122	127	132	137	142	145
BP376_353_RCT_M013_SV1_1_R1_subset	0.0	0.0	0.0	0.0	0.0	0.0	0.0	0.0	0.0	0.0	0.0	0.0	0.0	0.0	0.0	0.0	0.0	0.0	0.0	0.0	0.0	0.0	0.0	0.0	0.0	0.0	0.0	0.0	0.0	0.0	0.0	0.0	0.0	0.0	0.0	0.0	0.0
	1	2	3	4	5	6	7	8	9	12	17	22	27	32	37	42	47	52	57	62	67	72	77	82	87	92	97	102	107	112	117	122	127	132	137	142	145
BP376_353_RCT_M013_SV1_1_R2_subset	0.0	0.0	0.0	0.0	0.0	0.0	0.0	0.0	0.0	0.0	0.0	0.0	0.0	0.0	0.0	0.0	0.0	0.0	0.0015999999999999999	0.0007999999999999999	0.0006000000000000001	0.004	0.0007999999999999999	0.0022	0.00039999999999999996	0.0018	0.002	0.0026	0.00039999999999999996	0.0031999999999999997	0.0026	0.005399999999999999	0.0048000000000000004	0.00039999999999999996	0.00039999999999999996	0.0036	0.0045000000000000005
	1	2	3	4	5	6	7	8	9	12	17	22	27	32	37	42	47	52	57	62	67	72	77	82	87	92	97	102	107	112	117	122	127	132	137	142	145
BP389_365_RCT_M043_SV1_1_R1_subset	0.0	0.0	0.0	0.0	0.0	0.0	0.0	0.0	0.0	0.0	0.0	0.0	0.0	0.0	0.0	0.0	0.0	0.0	0.0	0.0	0.0	0.0	0.0	0.0	0.0	0.0	0.0	0.0	0.0	0.0	0.0	0.0	0.0	0.0	0.0	0.0	0.0
	1	2	3	4	5	6	7	8	9	12	17	22	27	32	37	42	47	52	57	62	67	72	77	82	87	92	97	102	107	112	117	122	127	132	137	142	145
BP389_365_RCT_M043_SV1_1_R2_subset	0.0	0.0	0.0	0.0	0.0	0.0	0.0	0.0	0.0	0.0	0.0	0.0	0.0	0.0	0.0	0.0	0.0	0.0	0.0024000000000000002	0.0	0.0	0.003	0.0	0.0006000000000000001	0.0	0.0006000000000000001	0.00039999999999999996	0.0007999999999999999	0.00019999999999999998	0.0018	0.0007999999999999999	0.0024000000000000002	0.0046	0.0	0.0	0.0007999999999999999	0.002
	1	2	3	4	5	6	7	8	9	12	17	22	27	32	37	42	47	52	57	62	67	72	77	82	87	92	97	102	107	112	117	122	127	132	137	142	145
BP391_367_RCT_M045_SV1_1_R1_subset	0.0	0.0	0.0	0.0	0.0	0.0	0.0	0.0	0.0	0.0	0.0	0.0	0.0	0.0	0.0	0.0	0.0	0.0	0.0	0.0	0.0	0.0	0.0	0.0	0.0	0.0	0.0	0.0	0.0	0.0	0.0	0.0	0.0	0.0	0.0	0.0	0.0
	1	2	3	4	5	6	7	8	9	12	17	22	27	32	37	42	47	52	57	62	67	72	77	82	87	92	97	102	107	112	117	122	127	132	137	142	145
BP391_367_RCT_M045_SV1_1_R2_subset	0.0	0.0	0.0	0.0	0.0	0.0	0.0	0.0	0.0	0.0	0.0	0.0	0.0	0.0	0.0	0.0	0.0	0.0	0.0028	0.001	0.0006000000000000001	0.0042	0.0006000000000000001	0.0012000000000000001	0.0006000000000000001	0.0014	0.0018	0.002	0.0	0.0015999999999999999	0.0026	0.0038000000000000004	0.005	0.0	0.0	0.001	0.003
	1	2	3	4	5	6	7	8	9	12	17	22	27	32	37	42	47	52	57	62	67	72	77	82	87	92	97	102	107	112	117	122	127	132	137	142	145
BP396_372_RCT_M050_SV1_1_R1_subset	0.0	0.0	0.0	0.0	0.0	0.0	0.0	0.0	0.0	0.0	0.0	0.0	0.0	0.0	0.0	0.0	0.0	0.0	0.0	0.0	0.0	0.0	0.0	0.0	0.0	0.0	0.0	0.0	0.0	0.0	0.0	0.0	0.0	0.0	0.0	0.0	0.0
	1	2	3	4	5	6	7	8	9	12	17	22	27	32	37	42	47	52	57	62	67	72	77	82	87	92	97	102	107	112	117	122	127	132	137	142	145
BP396_372_RCT_M050_SV1_1_R2_subset	0.0	0.0	0.0	0.0	0.0	0.0	0.0	0.0	0.0	0.0	0.0	0.0	0.0	0.0	0.0	0.0	0.0	0.0	0.0015999999999999999	0.00019999999999999998	0.00019999999999999998	0.0046	0.00039999999999999996	0.0007999999999999999	0.00019999999999999998	0.0015999999999999999	0.0012000000000000001	0.0022	0.0006000000000000001	0.0031999999999999997	0.002	0.0038000000000000004	0.0048000000000000004	0.0	0.00039999999999999996	0.003	0.0025
	1	2	3	4	5	6	7	8	9	12	17	22	27	32	37	42	47	52	57	62	67	72	77	82	87	92	97	102	107	112	117	122	127	132	137	142	145
BP398_374_RCT_M054_SV1_1_R1_subset	0.0	0.0	0.0	0.0	0.0	0.0	0.0	0.0	0.0	0.0	0.0	0.0	0.0	0.0	0.0	0.0	0.0	0.0	0.0	0.0	0.0	0.0	0.0	0.0	0.0	0.0	0.0	0.0	0.0	0.0	0.0	0.0	0.0	0.0	0.0	0.0	0.0
	1	2	3	4	5	6	7	8	9	12	17	22	27	32	37	42	47	52	57	62	67	72	77	82	87	92	97	102	107	112	117	122	127	132	137	142	145
BP398_374_RCT_M054_SV1_1_R2_subset	0.0	0.0	0.0	0.0	0.0	0.0	0.0	0.0	0.0	0.0	0.0	0.0	0.0	0.0	0.0	0.0	0.0	0.0	0.001989389920424403	0.0	0.0	0.005305039787798409	0.0	0.0006631299734748011	0.0	0.0006631299734748011	0.0006631299734748011	0.0006631299734748011	0.0	0.001989389920424403	0.0006631299734748011	0.003315649867374005	0.004641909814323607	0.0	0.0	0.0013262599469496023	0.003315649867374005
	1	2	3	4	5	6	7	8	9	12	17	22	27	32	37	42	47	52	57	62	67	72	77	82	87	92	97	102	107	112	117	122	127	132	137	142	145
BP402_378_RCT_M058_SV1_1_R1_subset	0.0	0.0	0.0	0.0	0.0	0.0	0.0	0.0	0.0	0.0	0.0	0.0	0.0	0.0	0.0	0.0	0.0	0.0	0.0	0.0	0.0	0.0	0.0	0.0	0.0	0.0	0.0	0.0	0.0	0.0	0.0	0.0	0.0	0.0	0.0	0.0	0.0
	1	2	3	4	5	6	7	8	9	12	17	22	27	32	37	42	47	52	57	62	67	72	77	82	87	92	97	102	107	112	117	122	127	132	137	142	145
BP402_378_RCT_M058_SV1_1_R2_subset	0.0	0.0	0.0	0.0	0.0	0.0	0.0	0.0	0.0	0.0	0.0	0.0	0.0	0.0	0.0	0.0	0.0	0.0	0.0014572479871762176	0.0007286239935881088	0.00024287466452936962	0.0034002453034111747	0.00048574932905873924	0.0007286239935881088	0.00024287466452936962	0.0007286239935881088	0.0014572479871762176	0.0009714986581174785	0.00024287466452936962	0.0017001226517055874	0.001214373322646848	0.0026716213098230655	0.004857493290587392	0.0	0.0	0.00048574932905873924	0.001821559983970272
	1	2	3	4	5	6	7	8	9	12	17	22	27	32	37	42	47	52	57	62	67	72	77	82	87	92	97	102	107	112	117	122	127	132	137	142	145
BP403_379_RCT_M060_SV1_1_R1_subset	0.0	0.0	0.0	0.0	0.0	0.0	0.0	0.0	0.0	0.0	0.0	0.0	0.0	0.0	0.0	0.0	0.0	0.0	0.0	0.0	0.0	0.0	0.0	0.0	0.0	0.0	0.0	0.0	0.0	0.0	0.0	0.0	0.0	0.0	0.0	0.0	0.0
	1	2	3	4	5	6	7	8	9	12	17	22	27	32	37	42	47	52	57	62	67	72	77	82	87	92	97	102	107	112	117	122	127	132	137	142	145
BP403_379_RCT_M060_SV1_1_R2_subset	0.0	0.0	0.0	0.0	0.0	0.0	0.0	0.0	0.0	0.0	0.0	0.0	0.0	0.0	0.0	0.0	0.0	0.0	0.0014533978365135062	0.0004152565247181446	0.0002076282623590723	0.004360193509540518	0.000622884787077217	0.0004152565247181446	0.0	0.0008305130494362892	0.0010381413117953617	0.0010381413117953617	0.0004152565247181446	0.0014533978365135062	0.0010381413117953617	0.003114423935386085	0.004567821771899591	0.0	0.0002076282623590723	0.001245769574154434	0.0020762826235907234
	1	2	3	4	5	6	7	8	9	12	17	22	27	32	37	42	47	52	57	62	67	72	77	82	87	92	97	102	107	112	117	122	127	132	137	142	145
BP411_387_RCT_M074_SV1_1_R1_subset	0.0	0.0	0.0	0.0	0.0	0.0	0.0	0.0	0.0	0.0	0.0	0.0	0.0	0.0	0.0	0.0	0.0	0.0	0.0	0.0	0.0	0.0	0.0	0.0	0.0	0.0	0.0	0.0	0.0	0.0	0.0	0.0	0.0	0.0	0.0	0.0	0.0
	1	2	3	4	5	6	7	8	9	12	17	22	27	32	37	42	47	52	57	62	67	72	77	82	87	92	97	102	107	112	117	122	127	132	137	142	145
BP411_387_RCT_M074_SV1_1_R2_subset	0.0	0.0	0.0	0.0	0.0	0.0	0.0	0.0	0.0	0.0	0.0	0.0	0.0	0.0	0.0	0.0	0.0	0.0	0.001	0.0006000000000000001	0.00039999999999999996	0.0028	0.0007999999999999999	0.0006000000000000001	0.00019999999999999998	0.001	0.0012000000000000001	0.0012000000000000001	0.00019999999999999998	0.002	0.0014	0.0038000000000000004	0.003	0.0	0.00019999999999999998	0.0018	0.0034999999999999996
	1	2	3	4	5	6	7	8	9	12	17	22	27	32	37	42	47	52	57	62	67	72	77	82	87	92	97	102	107	112	117	122	127	132	137	142	145
BP413_389_RCT_M076_SV1_1_R1_subset	0.0	0.0	0.0	0.0	0.0	0.0	0.0	0.0	0.0	0.0	0.0	0.0	0.0	0.0	0.0	0.0	0.0	0.0	0.0	0.0	0.0	0.0	0.0	0.0	0.0	0.0	0.0	0.0	0.0	0.0	0.0	0.0	0.0	0.0	0.0	0.0	0.0
	1	2	3	4	5	6	7	8	9	12	17	22	27	32	37	42	47	52	57	62	67	72	77	82	87	92	97	102	107	112	117	122	127	132	137	142	145
BP413_389_RCT_M076_SV1_1_R2_subset	0.0	0.0	0.0	0.0	0.0	0.0	0.0	0.0	0.0	0.0	0.0	0.0	0.0	0.0	0.0	0.0	0.0	0.0	0.002041399583554485	0.0002041399583554485	0.0	0.004286939125464418	0.0002041399583554485	0.000816559833421794	0.0	0.0006124198750663456	0.0006124198750663456	0.0010206997917772424	0.0	0.0014289797084881396	0.0010206997917772424	0.003266239333687176	0.0038786592087535214	0.0	0.000408279916710897	0.0018372596251990364	0.0030620993753317275
	1	2	3	4	5	6	7	8	9	12	17	22	27	32	37	42	47	52	57	62	67	72	77	82	87	92	97	102	107	112	117	122	127	132	137	142	145
BP418_394_REC_PM027_V1_1_R1_subset	0.0	0.0	0.0	0.0	0.0	0.0	0.0	0.0	0.0	0.0	0.0	0.0	0.0	0.0	0.0	0.0	0.0	0.0	0.0	0.0	0.0	0.0	0.0	0.0	0.0	0.0	0.0	0.0	0.0	0.0	0.0	0.0	0.0	0.0	0.0	0.0	0.0
	1	2	3	4	5	6	7	8	9	12	17	22	27	32	37	42	47	52	57	62	67	72	77	82	87	92	97	102	107	112	117	122	127	132	137	142	145
BP418_394_REC_PM027_V1_1_R2_subset	0.0	0.0	0.0	0.0	0.0	0.0	0.0	0.0	0.0	0.0	0.0	0.0	0.0	0.0	0.0	0.0	0.0	0.0	0.0014	0.0006000000000000001	0.00039999999999999996	0.007600000000000001	0.0006000000000000001	0.0007999999999999999	0.00019999999999999998	0.0007999999999999999	0.0007999999999999999	0.001	0.0	0.001	0.0012000000000000001	0.003	0.0034	0.0	0.0	0.00039999999999999996	0.0015
	1	2	3	4	5	6	7	8	9	12	17	22	27	32	37	42	47	52	57	62	67	72	77	82	87	92	97	102	107	112	117	122	127	132	137	142	145
BP419_395_RCT_M012_SV2_1-1_R1_subset	0.0	0.0	0.0	0.0	0.0	0.0	0.0	0.0	0.0	0.0	0.0	0.0	0.0	0.0	0.0	0.0	0.0	0.0	0.0	0.0	0.0	0.0	0.0	0.0	0.0	0.0	0.0	0.0	0.0	0.0	0.0	0.0	0.0	0.0	0.0	0.0	0.0
	1	2	3	4	5	6	7	8	9	12	17	22	27	32	37	42	47	52	57	62	67	72	77	82	87	92	97	102	107	112	117	122	127	132	137	142	145
BP419_395_RCT_M012_SV2_1-1_R2_subset	0.0	0.0	0.0	0.0	0.0	0.0	0.0	0.0	0.0	0.0	0.0	0.0	0.0	0.0	0.0	0.0	0.0	0.0	0.0026	0.0007999999999999999	0.00039999999999999996	0.005	0.0006000000000000001	0.001	0.00039999999999999996	0.001	0.0014	0.0015999999999999999	0.0	0.001	0.002	0.0042	0.0058	0.0	0.0	0.0012000000000000001	0.002
	1	2	3	4	5	6	7	8	9	12	17	22	27	32	37	42	47	52	57	62	67	72	77	82	87	92	97	102	107	112	117	122	127	132	137	142	145
BP427_403_RCT_M032_SV2_1_R1_subset	0.0	0.0	0.0	0.0	0.0	0.0	0.0	0.0	0.0	0.0	0.0	0.0	0.0	0.0	0.0	0.0	0.0	0.0	0.0	0.0	0.0	0.0	0.0	0.0	0.0	0.0	0.0	0.0	0.0	0.0	0.0	0.0	0.0	0.0	0.0	0.0	0.0
	1	2	3	4	5	6	7	8	9	12	17	22	27	32	37	42	47	52	57	62	67	72	77	82	87	92	97	102	107	112	117	122	127	132	137	142	145
BP427_403_RCT_M032_SV2_1_R2_subset	0.0	0.0	0.0	0.0	0.0	0.0	0.0	0.0	0.0	0.0	0.0	0.0	0.0	0.0	0.0	0.0	0.0	0.0	0.0022	0.00039999999999999996	0.00019999999999999998	0.0048000000000000004	0.00019999999999999998	0.0007999999999999999	0.00019999999999999998	0.0006000000000000001	0.0007999999999999999	0.0007999999999999999	0.00019999999999999998	0.002	0.001	0.003	0.0058	0.0	0.0	0.0012000000000000001	0.0025
	1	2	3	4	5	6	7	8	9	12	17	22	27	32	37	42	47	52	57	62	67	72	77	82	87	92	97	102	107	112	117	122	127	132	137	142	145
BP431_407_RCT_M042_SV2_1_R1_subset	0.0	0.0	0.0	0.0	0.0	0.0	0.0	0.0	0.0	0.0	0.0	0.0	0.0	0.0	0.0	0.0	0.0	0.0	0.0	0.0	0.0	0.0	0.0	0.0	0.0	0.0	0.0	0.0	0.0	0.0	0.0	0.0	0.0	0.0	0.0	0.0	0.0
	1	2	3	4	5	6	7	8	9	12	17	22	27	32	37	42	47	52	57	62	67	72	77	82	87	92	97	102	107	112	117	122	127	132	137	142	145
BP431_407_RCT_M042_SV2_1_R2_subset	0.0	0.0	0.0	0.0	0.0	0.0	0.0	0.0	0.0	0.0	0.0	0.0	0.0	0.0	0.0	0.0	0.0	0.0	0.00047742951946718864	0.00023871475973359432	0.00023871475973359432	0.005013009954405481	0.00023871475973359432	0.00047742951946718864	0.0	0.00047742951946718864	0.00047742951946718864	0.000716144279200783	0.00047742951946718864	0.0016710033181351603	0.00047742951946718864	0.002148432837602349	0.0031032918765367262	0.0	0.0	0.0009548590389343773	0.0011935737986679717
	1	2	3	4	5	6	7	8	9	12	17	22	27	32	37	42	47	52	57	62	67	72	77	82	87	92	97	102	107	112	117	122	127	132	137	142	145
BP453_428_RCT_M075_SV2_1_R1_subset	0.0	0.0	0.0	0.0	0.0	0.0	0.0	0.0	0.0	0.0	0.0	0.0	0.0	0.0	0.0	0.0	0.0	0.0	0.0	0.0	0.0	0.0	0.0	0.0	0.0	0.0	0.0	0.0	0.0	0.0	0.0	0.0	0.0	0.0	0.0	0.0	0.0
	1	2	3	4	5	6	7	8	9	12	17	22	27	32	37	42	47	52	57	62	67	72	77	82	87	92	97	102	107	112	117	122	127	132	137	142	145
BP453_428_RCT_M075_SV2_1_R2_subset	0.0	0.0	0.0	0.0	0.0	0.0	0.0	0.0	0.0	0.0	0.0	0.0	0.0	0.0	0.0	0.0	0.0	0.0	0.0	0.0009703399424264967	0.0006468932949509978	0.004528253064656985	0.0006468932949509978	0.0012937865899019956	0.0006468932949509978	0.0016172332373774947	0.0016172332373774947	0.0012937865899019956	0.0003234466474754989	0.0025875731798039913	0.0019406798848529935	0.004528253064656985	0.0025875731798039913	0.0	0.0	0.0016172332373774947	0.002425849856066242
	1	2	3	4	5	6	7	8	9	12	17	22	27	32	37	42	47	52	57	62	67	72	77	82	87	92	97	102	107	112	117	122	127	132	137	142	145
BP455_430_RCT_M077_SV2_1_R1_subset	0.0	0.0	0.0	0.0	0.0	0.0	0.0	0.0	0.0	0.0	0.0	0.0	0.0	0.0	0.0	0.0	0.0	0.0	0.0	0.0	0.0	0.0	0.0	0.0	0.0	0.0	0.0	0.0	0.0	0.0	0.0	0.0	0.0	0.0	0.0	0.0	0.0
	1	2	3	4	5	6	7	8	9	12	17	22	27	32	37	42	47	52	57	62	67	72	77	82	87	92	97	102	107	112	117	122	127	132	137	142	145
BP455_430_RCT_M077_SV2_1_R2_subset	0.0	0.0	0.0	0.0	0.0	0.0	0.0	0.0	0.0	0.0	0.0	0.0	0.0	0.0	0.0	0.0	0.0	0.0	0.0012000000000000001	0.0006000000000000001	0.00019999999999999998	0.0042	0.0006000000000000001	0.0007999999999999999	0.0	0.0012000000000000001	0.0007999999999999999	0.0015999999999999999	0.0007999999999999999	0.0036	0.0012000000000000001	0.0046	0.0046	0.0	0.0	0.0018	0.0034999999999999996
	1	2	3	4	5	6	7	8	9	12	17	22	27	32	37	42	47	52	57	62	67	72	77	82	87	92	97	102	107	112	117	122	127	132	137	142	145
BP456_431_RCT_M078_SV2_1_R1_subset	0.0	0.0	0.0	0.0	0.0	0.0	0.0	0.0	0.0	0.0	0.0	0.0	0.0	0.0	0.0	0.0	0.0	0.0	0.0	0.0	0.0	0.0	0.0	0.0	0.0	0.0	0.0	0.0	0.0	0.0	0.0	0.0	0.0	0.0	0.0	0.0	0.0
	1	2	3	4	5	6	7	8	9	12	17	22	27	32	37	42	47	52	57	62	67	72	77	82	87	92	97	102	107	112	117	122	127	132	137	142	145
BP456_431_RCT_M078_SV2_1_R2_subset	0.0	0.0	0.0	0.0	0.0	0.0	0.0	0.0	0.0	0.0	0.0	0.0	0.0	0.0	0.0	0.0	0.0	0.0	0.0022	0.0007999999999999999	0.0006000000000000001	0.0056	0.0007999999999999999	0.0015999999999999999	0.00039999999999999996	0.0014	0.0015999999999999999	0.0018	0.00019999999999999998	0.0022	0.002	0.0042	0.005	0.0	0.0	0.0015999999999999999	0.0025
	1	2	3	4	5	6	7	8	9	12	17	22	27	32	37	42	47	52	57	62	67	72	77	82	87	92	97	102	107	112	117	122	127	132	137	142	145
BP457_432_RCT_M080_SV2_1_R1_subset	0.0	0.0	0.0	0.0	0.0	0.0	0.0	0.0	0.0	0.0	0.0	0.0	0.0	0.0	0.0	0.0	0.0	0.0	0.0	0.0	0.0	0.0	0.0	0.0	0.0	0.0	0.0	0.0	0.0	0.0	0.0	0.0	0.0	0.0	0.0	0.0	0.0
	1	2	3	4	5	6	7	8	9	12	17	22	27	32	37	42	47	52	57	62	67	72	77	82	87	92	97	102	107	112	117	122	127	132	137	142	145
BP457_432_RCT_M080_SV2_1_R2_subset	0.0	0.0	0.0	0.0	0.0	0.0	0.0	0.0	0.0	0.0	0.0	0.0	0.0	0.0	0.0	0.0	0.0	0.0	0.0014	0.00019999999999999998	0.00019999999999999998	0.0031999999999999997	0.00039999999999999996	0.00039999999999999996	0.00019999999999999998	0.0006000000000000001	0.0006000000000000001	0.0007999999999999999	0.0	0.002	0.0006000000000000001	0.0034	0.0046	0.00019999999999999998	0.00019999999999999998	0.002	0.003
	1	2	3	4	5	6	7	8	9	12	17	22	27	32	37	42	47	52	57	62	67	72	77	82	87	92	97	102	107	112	117	122	127	132	137	142	145
BP458_433_RCT_M002_SV3_1_R1_subset	0.0	0.0	0.0	0.0	0.0	0.0	0.0	0.0	0.0	0.0	0.0	0.0	0.0	0.0	0.0	0.0	0.0	0.0	0.0	0.0	0.0	0.0	0.0	0.0	0.0	0.0	0.0	0.0	0.0	0.0	0.0	0.0	0.0	0.0	0.0	0.0	0.0
	1	2	3	4	5	6	7	8	9	12	17	22	27	32	37	42	47	52	57	62	67	72	77	82	87	92	97	102	107	112	117	122	127	132	137	142	145
BP458_433_RCT_M002_SV3_1_R2_subset	0.0	0.0	0.0	0.0	0.0	0.0	0.0	0.0	0.0	0.0	0.0	0.0	0.0	0.0	0.0	0.0	0.0	0.0	0.0015999999999999999	0.0	0.0	0.0024000000000000002	0.0	0.0006000000000000001	0.0	0.00019999999999999998	0.0	0.00019999999999999998	0.0	0.0012000000000000001	0.00019999999999999998	0.0028	0.0048000000000000004	0.0	0.0	0.001	0.002
	1	2	3	4	5	6	7	8	9	12	17	22	27	32	37	42	47	52	57	62	67	72	77	82	87	92	97	102	107	112	117	122	127	132	137	142	145
BP469_444_RCT_M040_SV3_1_R1_subset	0.0	0.0	0.0	0.0	0.0	0.0	0.0	0.0	0.0	0.0	0.0	0.0	0.0	0.0	0.0	0.0	0.0	0.0	0.0	0.0	0.0	0.0	0.0	0.0	0.0	0.0	0.0	0.0	0.0	0.0	0.0	0.0	0.0	0.0	0.0	0.0	0.0
	1	2	3	4	5	6	7	8	9	12	17	22	27	32	37	42	47	52	57	62	67	72	77	82	87	92	97	102	107	112	117	122	127	132	137	142	145
BP469_444_RCT_M040_SV3_1_R2_subset	0.0	0.0	0.0	0.0	0.0	0.0	0.0	0.0	0.0	0.0	0.0	0.0	0.0	0.0	0.0	0.0	0.0	0.0	0.0018	0.00019999999999999998	0.00019999999999999998	0.0052	0.00019999999999999998	0.0007999999999999999	0.00019999999999999998	0.0006000000000000001	0.0006000000000000001	0.0007999999999999999	0.00039999999999999996	0.0022	0.001	0.0028	0.0044	0.0	0.0007999999999999999	0.0026	0.0015
	1	2	3	4	5	6	7	8	9	12	17	22	27	32	37	42	47	52	57	62	67	72	77	82	87	92	97	102	107	112	117	122	127	132	137	142	145
BP472_447_RCT_M044_SV3_1_R1_subset	0.0	0.0	0.0	0.0	0.0	0.0	0.0	0.0	0.0	0.0	0.0	0.0	0.0	0.0	0.0	0.0	0.0	0.0	0.0	0.0	0.0	0.0	0.0	0.0	0.0	0.0	0.0	0.0	0.0	0.0	0.0	0.0	0.0	0.0	0.0	0.0	0.0
	1	2	3	4	5	6	7	8	9	12	17	22	27	32	37	42	47	52	57	62	67	72	77	82	87	92	97	102	107	112	117	122	127	132	137	142	145
BP472_447_RCT_M044_SV3_1_R2_subset	0.0	0.0	0.0	0.0	0.0	0.0	0.0	0.0	0.0	0.00019999999999999998	0.00039999999999999996	0.00019999999999999998	0.0	0.0	0.00019999999999999998	0.00039999999999999996	0.00019999999999999998	0.0	0.002	0.0006000000000000001	0.00039999999999999996	0.004	0.00039999999999999996	0.0007999999999999999	0.00039999999999999996	0.00039999999999999996	0.0006000000000000001	0.0006000000000000001	0.0	0.0012000000000000001	0.001	0.0031999999999999997	0.0038000000000000004	0.0	0.0	0.0012000000000000001	0.0025
	1	2	3	4	5	6	7	8	9	12	17	22	27	32	37	42	47	52	57	62	67	72	77	82	87	92	97	102	107	112	117	122	127	132	137	142	145
BP473_448_RCT_M047_SV3_1_R1_subset	0.0	0.0	0.0	0.0	0.0	0.0	0.0	0.0	0.0	0.0	0.0	0.0	0.0	0.0	0.0	0.0	0.0	0.0	0.0	0.0	0.0	0.0	0.0	0.0	0.0	0.0	0.0	0.0	0.0	0.0	0.0	0.0	0.0	0.0	0.0	0.0	0.0
	1	2	3	4	5	6	7	8	9	12	17	22	27	32	37	42	47	52	57	62	67	72	77	82	87	92	97	102	107	112	117	122	127	132	137	142	145
BP473_448_RCT_M047_SV3_1_R2_subset	0.0	0.0	0.0	0.0	0.0	0.0	0.0	0.0	0.0	0.0	0.0	0.0	0.0	0.0	0.0	0.0	0.0	0.0	0.001	0.00039999999999999996	0.00019999999999999998	0.0046	0.00039999999999999996	0.00039999999999999996	0.00019999999999999998	0.0012000000000000001	0.0014	0.0014	0.00019999999999999998	0.0014	0.0012000000000000001	0.0028	0.0034	0.00019999999999999998	0.00039999999999999996	0.002	0.0015
	1	2	3	4	5	6	7	8	9	12	17	22	27	32	37	42	47	52	57	62	67	72	77	82	87	92	97	102	107	112	117	122	127	132	137	142	145
BP474_449_RCT_M048_SV3_1_R1_subset	0.0	0.0	0.0	0.0	0.0	0.0	0.0	0.0	0.0	0.0	0.0	0.0	0.0	0.0	0.0	0.0	0.0	0.0	0.0	0.0	0.0	0.0	0.0	0.0	0.0	0.0	0.0	0.0	0.0	0.0	0.0	0.0	0.0	0.0	0.0	0.0	0.0
	1	2	3	4	5	6	7	8	9	12	17	22	27	32	37	42	47	52	57	62	67	72	77	82	87	92	97	102	107	112	117	122	127	132	137	142	145
BP474_449_RCT_M048_SV3_1_R2_subset	0.0	0.0	0.0	0.0	0.0	0.0	0.0	0.0	0.0	0.0	0.0	0.0	0.0	0.0	0.0	0.0	0.0	0.0	0.0018	0.00039999999999999996	0.0	0.0052	0.0006000000000000001	0.0007999999999999999	0.0	0.0007999999999999999	0.0012000000000000001	0.0014	0.00039999999999999996	0.0018	0.0015999999999999999	0.0026	0.0048000000000000004	0.0	0.0	0.0014	0.0025
	1	2	3	4	5	6	7	8	9	12	17	22	27	32	37	42	47	52	57	62	67	72	77	82	87	92	97	102	107	112	117	122	127	132	137	142	145
BP484_459_RCT_M061_SV3_1_R1_subset	0.0	0.0	0.0	0.0	0.0	0.0	0.0	0.0	0.0	0.0	0.0	0.0	0.0	0.0	0.0	0.0	0.0	0.0	0.0	0.0	0.0	0.0	0.0	0.0	0.0	0.0	0.0	0.0	0.0	0.0	0.0	0.0	0.0	0.0	0.0	0.0	0.0
	1	2	3	4	5	6	7	8	9	12	17	22	27	32	37	42	47	52	57	62	67	72	77	82	87	92	97	102	107	112	117	122	127	132	137	142	145
BP484_459_RCT_M061_SV3_1_R2_subset	0.0	0.0	0.0	0.0	0.0	0.0	0.0	0.0	0.0	0.0	0.0	0.0	0.0	0.0	0.0	0.0	0.0	0.0	0.0040791992218143025	0.0	0.0	0.0018827073331450627	0.0	0.0003137845555241771	0.0	0.0	0.0003137845555241771	0.0006275691110483542	0.0	0.0009413536665725314	0.0006275691110483542	0.0009413536665725314	0.006903260221531897	0.0	0.0	0.0003137845555241771	0.0023533841664313284
	1	2	3	4	5	6	7	8	9	12	17	22	27	32	37	42	47	52	57	62	67	72	77	82	87	92	97	102	107	112	117	122	127	132	137	142	145
BP494_469_RCT_M077_SV3_1_R1_subset	0.0	0.0	0.0	0.0	0.0	0.0	0.0	0.0	0.0	0.0	0.0	0.0	0.0	0.0	0.0	0.0	0.0	0.0	0.0	0.0	0.0	0.0	0.0	0.0	0.0	0.0	0.0	0.0	0.0	0.0	0.0	0.0	0.0	0.0	0.0	0.0	0.0
	1	2	3	4	5	6	7	8	9	12	17	22	27	32	37	42	47	52	57	62	67	72	77	82	87	92	97	102	107	112	117	122	127	132	137	142	145
BP494_469_RCT_M077_SV3_1_R2_subset	0.0	0.0	0.0	0.0	0.0	0.0	0.0	0.0	0.0	0.0	0.0	0.0	0.0	0.0	0.0	0.0	0.0	0.0	0.001098659635245001	0.0003662198784150004	0.0003662198784150004	0.005127078297810005	0.0003662198784150004	0.0014648795136600016	0.0003662198784150004	0.0018310993920750017	0.0007324397568300008	0.0014648795136600016	0.0007324397568300008	0.0025635391489050026	0.0014648795136600016	0.004028418662565004	0.005859518054640006	0.0	0.0	0.0018310993920750017	0.002746649088112503
	1	2	3	4	5	6	7	8	9	12	17	22	27	32	37	42	47	52	57	62	67	72	77	82	87	92	97	102	107	112	117	122	127	132	137	142	145
BP495_470_RCT_M079_SV3_1_R1_subset	0.0	0.0	0.0	0.0	0.0	0.0	0.0	0.0	0.0	0.0	0.0	0.0	0.0	0.0	0.0	0.0	0.0	0.0	0.0	0.0	0.0	0.0	0.0	0.0	0.0	0.0	0.0	0.0	0.0	0.0	0.0	0.0	0.0	0.0	0.0	0.0	0.0
	1	2	3	4	5	6	7	8	9	12	17	22	27	32	37	42	47	52	57	62	67	72	77	82	87	92	97	102	107	112	117	122	127	132	137	142	145
BP495_470_RCT_M079_SV3_1_R2_subset	0.0	0.0	0.0	0.0	0.0	0.0	0.0	0.0	0.0	0.0	0.0	0.0	0.0	0.0	0.0	0.0	0.0	0.0	0.0016093988895147663	0.00040234972237869157	0.00040234972237869157	0.004023497223786915	0.00040234972237869157	0.0016093988895147663	0.00040234972237869157	0.0012070491671360747	0.0012070491671360747	0.0016093988895147663	0.0	0.0016093988895147663	0.0020117486118934576	0.0036211475014082243	0.0024140983342721494	0.0	0.0	0.0016093988895147663	0.0030176229178401864
	1	2	3	4	5	6	7	8	9	12	17	22	27	32	37	42	47	52	57	62	67	72	77	82	87	92	97	102	107	112	117	122	127	132	137	142	145
BP496_471_RCT_M080_SV3_1_R1_subset	0.0	0.0	0.0	0.0	0.0	0.0	0.0	0.0	0.0	0.0	0.0	0.0	0.0	0.0	0.0	0.0	0.0	0.0	0.0	0.0	0.0	0.0	0.0	0.0	0.0	0.0	0.0	0.0	0.0	0.0	0.0	0.0	0.0	0.0	0.0	0.0	0.0
	1	2	3	4	5	6	7	8	9	12	17	22	27	32	37	42	47	52	57	62	67	72	77	82	87	92	97	102	107	112	117	122	127	132	137	142	145
BP496_471_RCT_M080_SV3_1_R2_subset	0.0	0.0	0.0	0.0	0.0	0.0	0.0	0.0	0.0	0.0	0.0	0.0	0.0	0.0	0.0	0.0	0.0	0.0	0.0022	0.00039999999999999996	0.00019999999999999998	0.0042	0.00019999999999999998	0.001	0.00019999999999999998	0.0006000000000000001	0.0007999999999999999	0.0007999999999999999	0.0	0.002	0.001	0.0036	0.005	0.0	0.0	0.0007999999999999999	0.003
	1	2	3	4	5	6	7	8	9	12	17	22	27	32	37	42	47	52	57	62	67	72	77	82	87	92	97	102	107	112	117	122	127	132	137	142	145
BP507_482_RECT_M042_SV4_1_R1_subset	0.0	0.0	0.0	0.0	0.0	0.0	0.0	0.0	0.0	0.0	0.0	0.0	0.0	0.0	0.0	0.0	0.0	0.0	0.0	0.0	0.0	0.0	0.0	0.0	0.0	0.0	0.0	0.0	0.0	0.0	0.0	0.0	0.0	0.0	0.0	0.0	0.0
	1	2	3	4	5	6	7	8	9	12	17	22	27	32	37	42	47	52	57	62	67	72	77	82	87	92	97	102	107	112	117	122	127	132	137	142	145
BP507_482_RECT_M042_SV4_1_R2_subset	0.0	0.0	0.0	0.0	0.0	0.0	0.0	0.0	0.0	0.0	0.0	0.0	0.0	0.0	0.0	0.0	0.0	0.0	0.002	0.0	0.0	0.0042	0.0	0.00039999999999999996	0.0	0.0	0.00039999999999999996	0.0007999999999999999	0.0	0.0012000000000000001	0.00039999999999999996	0.0026	0.0044	0.0	0.0	0.001	0.003
	1	2	3	4	5	6	7	8	9	12	17	22	27	32	37	42	47	52	57	62	67	72	77	82	87	92	97	102	107	112	117	122	127	132	137	142	145
BP513_488_RCT_M054_SV4_1_R1_subset	0.0	0.0	0.0	0.0	0.0	0.0	0.0	0.0	0.0	0.0	0.0	0.0	0.0	0.0	0.0	0.0	0.0	0.0	0.0	0.0	0.0	0.0	0.0	0.0	0.0	0.0	0.0	0.0	0.0	0.0	0.0	0.0	0.0	0.0	0.0	0.0	0.0
	1	2	3	4	5	6	7	8	9	12	17	22	27	32	37	42	47	52	57	62	67	72	77	82	87	92	97	102	107	112	117	122	127	132	137	142	145
BP513_488_RCT_M054_SV4_1_R2_subset	0.0	0.0	0.0	0.0	0.0	0.0	0.0	0.0	0.0	0.0	0.0	0.0	0.0	0.0	0.0	0.0	0.0	0.0	0.001	0.00019999999999999998	0.0	0.0034	0.00019999999999999998	0.00039999999999999996	0.0	0.00019999999999999998	0.00039999999999999996	0.00039999999999999996	0.0	0.0012000000000000001	0.00039999999999999996	0.0036	0.0044	0.0	0.0	0.0007999999999999999	0.002
	1	2	3	4	5	6	7	8	9	12	17	22	27	32	37	42	47	52	57	62	67	72	77	82	87	92	97	102	107	112	117	122	127	132	137	142	145
BP537_512_RCT_M058_SV5_1_R1_subset	0.0	0.0	0.0	0.0	0.0	0.0	0.0	0.0	0.0	0.0	0.0	0.0	0.0	0.0	0.0	0.0	0.0	0.0	0.0	0.0	0.0	0.0	0.0	0.0	0.0	0.0	0.0	0.0	0.0	0.0	0.0	0.0	0.0	0.0	0.0	0.0	0.0
	1	2	3	4	5	6	7	8	9	12	17	22	27	32	37	42	47	52	57	62	67	72	77	82	87	92	97	102	107	112	117	122	127	132	137	142	145
BP537_512_RCT_M058_SV5_1_R2_subset	0.0	0.0	0.0	0.0	0.0	0.0	0.0	0.0	0.0	0.0	0.0	0.0	0.0	0.0	0.0	0.0	0.0	0.0	0.0012000000000000001	0.00039999999999999996	0.00039999999999999996	0.0058	0.0006000000000000001	0.0	0.00019999999999999998	0.0007999999999999999	0.0007999999999999999	0.001	0.0	0.0006000000000000001	0.0014	0.0014	0.0052	0.0	0.0	0.00019999999999999998	0.001
	1	2	3	4	5	6	7	8	9	12	17	22	27	32	37	42	47	52	57	62	67	72	77	82	87	92	97	102	107	112	117	122	127	132	137	142	145
BP542_516_RCT_M074_SV5_1_R1_subset	0.0	0.0	0.0	0.0	0.0	0.0	0.0	0.0	0.0	0.0	0.0	0.0	0.0	0.0	0.0	0.0	0.0	0.0	0.0	0.0	0.0	0.0	0.0	0.0	0.0	0.0	0.0	0.0	0.0	0.0	0.0	0.0	0.0	0.0	0.0	0.0	0.0
	1	2	3	4	5	6	7	8	9	12	17	22	27	32	37	42	47	52	57	62	67	72	77	82	87	92	97	102	107	112	117	122	127	132	137	142	145
BP542_516_RCT_M074_SV5_1_R2_subset	0.0	0.0	0.0	0.0	0.0	0.0	0.0	0.0	0.0	0.0	0.0	0.0	0.0	0.0	0.0	0.0	0.0	0.0	0.0014	0.0	0.0	0.0052	0.0	0.0006000000000000001	0.0	0.00039999999999999996	0.00039999999999999996	0.00039999999999999996	0.0	0.0012000000000000001	0.00039999999999999996	0.0034	0.0056	0.0	0.0	0.001	0.0015
	1	2	3	4	5	6	7	8	9	12	17	22	27	32	37	42	47	52	57	62	67	72	77	82	87	92	97	102	107	112	117	122	127	132	137	142	145
BP543_517_RCT_M077_SV5_1_R1_subset	0.0	0.0	0.0	0.0	0.0	0.0	0.0	0.0	0.0	0.0	0.0	0.0	0.0	0.0	0.0	0.0	0.0	0.0	0.0	0.0	0.0	0.0	0.0	0.0	0.0	0.0	0.0	0.0	0.0	0.0	0.0	0.0	0.0	0.0	0.0	0.0	0.0
	1	2	3	4	5	6	7	8	9	12	17	22	27	32	37	42	47	52	57	62	67	72	77	82	87	92	97	102	107	112	117	122	127	132	137	142	145
BP543_517_RCT_M077_SV5_1_R2_subset	0.0	0.0	0.0	0.0	0.0	0.0	0.0	0.0	0.0	0.0	0.0	0.0	0.0	0.0	0.0	0.0	0.0	0.0	0.0010052979200386035	0.0006031787520231621	0.0004021191680154414	0.004624370432177576	0.0004021191680154414	0.0012063575040463241	0.0002010595840077207	0.0006031787520231621	0.0008042383360308828	0.0010052979200386035	0.0	0.001407417088054045	0.001407417088054045	0.003216953344123531	0.0034180129281312518	0.0	0.0002010595840077207	0.001407417088054045	0.002010595840077207

