Sample	0.0	1.0	2.0	3.0	4.0	5.0	6.0	7.0	8.0	9.0	10.0	11.0	12.0	13.0	14.0	15.0	16.0	17.0	18.0	19.0	20.0	21.0	22.0	23.0	24.0	25.0	26.0	27.0	28.0	29.0	30.0	31.0	32.0	33.0	34.0	35.0	36.0	37.0	38.0	39.0	40.0	41.0	42.0	43.0	44.0	45.0	46.0	47.0	48.0	49.0	50.0	51.0	52.0	53.0	54.0	55.0	56.0	57.0	58.0	59.0	60.0	61.0	62.0	63.0	64.0	65.0	66.0	67.0	68.0	69.0	70.0	71.0	72.0	73.0	74.0	75.0	76.0	77.0	78.0	79.0	80.0	81.0	82.0	83.0	84.0	85.0	86.0	87.0	88.0	89.0	90.0	91.0	92.0	93.0	94.0	95.0	96.0	97.0	98.0	99.0	100.0
BP009_9_CER_PM021_1_1_R1_subset	2.0	2.5	2.0	4.0	6.0	5.0	4.0	7.5	13.0	10.5	9.0	10.5	15.5	24.5	35.0	45.0	60.0	86.0	121.5	205.5	297.5	401.0	557.0	727.5	921.0	1149.0	1411.0	1692.0	1912.0	2144.5	2465.0	2789.0	3089.0	3366.0	3529.0	3677.5	3915.0	4145.0	4226.0	4182.0	4088.0	3882.0	3677.0	3513.0	3339.0	3117.5	2837.0	2679.5	2591.0	2381.5	2176.0	2083.0	1983.5	1812.5	1630.5	1501.0	1404.0	1313.0	1170.5	1011.0	890.5	744.0	605.5	477.5	383.5	337.0	277.5	201.0	157.0	133.0	115.5	97.0	74.0	62.0	50.5	39.5	35.0	29.5	26.5	26.0	21.5	12.0	8.5	7.5	5.5	3.5	4.5	4.5	2.0	1.5	0.5	0.5	0.5	0.0	0.0	0.0	0.5	0.5	0.0	0.0	0.0
BP009_9_CER_PM021_1_1_R2_subset	3.0	2.0	1.5	2.0	2.5	7.5	8.5	6.5	11.0	11.0	7.0	12.0	25.0	31.0	32.0	48.5	72.0	105.5	145.0	198.0	280.5	400.5	546.5	708.5	875.0	1073.0	1357.5	1718.5	1962.0	2209.5	2485.5	2733.5	3040.0	3351.0	3592.0	3741.0	3971.0	4113.5	4181.5	4233.0	4131.0	4022.0	3808.5	3547.0	3312.0	3044.5	2789.5	2583.5	2466.0	2361.0	2219.0	2038.5	1873.0	1741.0	1614.0	1518.0	1387.5	1254.0	1172.0	1005.0	846.0	722.0	583.0	484.5	416.5	322.0	243.5	202.5	172.5	150.0	125.5	90.0	64.5	54.5	44.5	35.5	31.5	28.5	25.5	21.5	16.0	15.0	13.5	9.5	5.0	5.5	6.5	4.0	2.0	2.0	2.0	1.5	1.0	0.5	0.5	0.0	1.5	2.0	1.5	1.0	27.5
BP036_36_CER_PM018_2_1_R1_subset	0.0	0.0	0.0	1.5	2.5	2.5	2.0	2.5	7.5	10.0	10.0	12.0	11.5	15.5	21.5	34.0	51.5	76.0	115.0	170.0	255.0	360.5	481.0	624.0	838.0	1065.5	1257.0	1468.0	1755.5	2073.5	2348.5	2640.0	2895.0	3120.5	3336.0	3598.0	3908.0	4098.5	4186.0	4188.0	4046.0	3884.0	3725.0	3506.5	3314.0	3136.5	2980.5	2864.5	2733.5	2609.0	2443.0	2291.0	2089.5	1884.0	1750.5	1627.5	1543.5	1436.5	1288.0	1092.0	930.0	798.0	644.0	507.5	405.0	332.5	271.5	226.0	184.5	127.0	102.0	85.0	75.5	64.5	43.5	36.5	34.0	27.5	27.5	21.5	13.0	14.5	11.5	10.0	8.0	4.0	6.0	5.5	2.5	1.5	1.0	1.0	0.0	0.5	1.0	0.5	0.5	0.5	0.0	0.0	0.0
BP036_36_CER_PM018_2_1_R2_subset	2.0	1.0	0.0	0.0	2.0	4.5	4.0	3.5	4.5	9.0	10.5	11.5	17.5	23.0	29.5	40.0	56.0	80.5	125.0	187.5	270.5	386.0	497.5	625.5	802.0	1018.5	1241.0	1451.0	1712.0	1998.0	2304.0	2623.5	2808.0	3040.5	3386.0	3607.0	3758.0	3971.5	4217.5	4231.0	4073.0	4001.0	3860.0	3539.5	3273.0	3053.0	2908.5	2796.5	2679.5	2582.5	2407.0	2243.5	2091.5	1946.0	1822.0	1674.5	1564.5	1469.5	1268.0	1088.5	946.5	775.0	625.5	498.5	409.0	357.5	277.0	219.5	183.5	129.5	105.5	94.5	69.5	52.5	45.0	34.5	31.5	27.0	24.0	25.0	21.0	17.0	11.5	9.0	6.0	6.0	8.0	5.0	3.5	3.0	2.0	1.5	1.0	1.0	0.5	0.5	0.5	1.0	3.0	3.5	32.5
BP066_62_VAG_PM010_1_1_R1_subset	0.0	0.0	0.0	0.0	0.0	0.0	0.0	0.0	2.0	2.5	2.0	4.5	7.0	12.0	21.0	36.0	52.5	72.5	98.5	126.5	166.5	231.0	310.0	360.5	432.5	525.0	606.0	750.5	881.5	977.0	1073.5	1145.0	1260.0	1370.0	1426.5	1458.0	1537.5	1573.5	1577.5	1580.0	1533.5	1498.0	1481.5	1465.0	1388.0	1345.0	1330.5	1297.5	1230.5	1167.0	1107.0	1024.0	972.0	904.0	816.5	815.0	759.0	642.0	595.0	515.0	464.5	422.0	330.0	270.5	235.0	201.0	166.0	130.5	102.5	78.0	60.5	40.5	24.0	22.5	14.0	5.0	6.5	8.0	6.0	2.5	1.0	1.0	0.5	0.0	0.5	1.0	0.5	0.0	0.0	0.0	0.0	0.0	0.0	0.0	0.0	0.0	0.0	0.0	0.0	0.0	0.0
BP066_62_VAG_PM010_1_1_R2_subset	0.0	0.0	0.5	1.0	1.0	0.5	0.5	2.0	2.5	3.5	3.5	2.5	11.5	24.5	30.0	38.5	49.0	70.0	98.5	132.0	173.0	208.5	253.5	333.0	427.0	516.5	627.5	767.5	892.5	982.0	1097.0	1202.0	1262.5	1322.0	1401.0	1461.5	1499.5	1582.0	1649.5	1639.5	1599.5	1559.0	1513.0	1481.5	1439.0	1370.5	1295.0	1256.0	1235.0	1145.5	1059.0	1019.5	961.0	887.5	827.5	762.0	692.0	664.5	611.0	519.0	455.0	387.5	320.5	279.0	237.0	179.5	143.0	117.5	87.5	67.5	50.5	37.5	27.5	18.0	12.0	9.0	9.5	6.5	2.5	2.0	3.0	3.0	2.0	1.0	0.0	0.5	1.0	0.5	0.5	0.5	0.0	0.0	0.0	0.5	0.5	0.5	1.5	1.5	1.0	0.5	11.0
BP085_78_VAG_PM034_1_1_R1_subset	0.0	1.5	2.5	1.0	0.0	0.5	1.5	4.0	5.0	5.5	7.0	10.0	14.0	17.0	25.5	40.5	64.5	88.0	128.5	188.5	261.5	392.5	528.5	662.5	865.5	1123.5	1361.0	1609.5	1909.0	2232.0	2538.5	2846.0	3142.5	3321.0	3523.5	3803.5	3943.5	4032.5	4201.5	4228.0	4137.0	3994.5	3767.5	3483.5	3254.0	3079.5	2896.5	2745.0	2515.0	2323.0	2218.0	2054.5	1899.5	1795.0	1638.5	1473.5	1354.5	1280.0	1186.0	1028.0	893.5	758.0	613.5	510.0	398.0	295.0	241.5	196.5	162.0	147.0	117.5	77.0	59.5	52.0	44.5	41.0	34.5	33.0	31.5	22.0	20.5	15.0	8.5	9.0	9.5	6.5	3.5	3.5	2.5	1.0	2.0	3.0	1.0	0.0	0.5	1.0	1.0	0.5	0.0	0.0	0.0
BP085_78_VAG_PM034_1_1_R2_subset	1.0	1.0	1.0	1.0	1.5	2.5	3.0	5.5	6.0	8.0	13.5	19.0	22.5	22.5	27.0	39.0	57.0	78.0	110.0	181.5	279.5	381.0	492.5	660.0	892.0	1121.5	1369.0	1613.5	1857.0	2131.5	2449.0	2767.5	3014.0	3302.5	3587.0	3871.0	4065.5	4186.5	4292.0	4248.5	4185.5	4053.5	3849.0	3618.5	3307.5	3078.5	2890.0	2695.0	2530.0	2373.5	2228.0	2022.0	1802.5	1637.5	1555.5	1477.5	1375.5	1289.0	1167.0	1003.0	837.5	699.0	577.5	468.0	385.5	296.5	257.0	223.5	162.5	122.0	94.5	79.5	65.0	55.0	39.5	30.0	29.5	33.0	29.5	20.5	16.5	18.0	18.0	12.5	9.5	10.0	7.5	5.0	3.5	2.0	1.5	1.5	1.0	0.0	0.5	1.5	1.5	1.0	2.5	5.5	30.0
BP087_80_VAG_PM036_1_1_R1_subset	1.0	0.5	3.0	5.0	4.0	4.0	5.5	7.5	8.0	8.5	12.5	15.0	20.5	28.0	30.5	42.5	59.0	95.0	144.5	182.5	263.5	397.5	536.5	728.0	934.0	1153.0	1381.5	1655.0	1972.5	2215.0	2493.5	2769.0	3014.0	3278.5	3440.5	3659.5	3893.5	4010.5	4151.5	4167.0	4023.5	3862.5	3644.0	3383.0	3216.5	3022.0	2827.0	2702.0	2576.0	2469.0	2311.0	2155.5	2020.0	1867.0	1705.5	1574.5	1468.0	1356.0	1221.0	1050.0	897.5	779.0	644.5	515.5	435.5	358.5	287.0	235.5	177.5	129.5	100.0	82.5	69.5	55.0	50.5	43.5	29.5	21.5	26.0	24.5	14.0	9.0	9.0	9.0	8.5	7.0	4.5	4.0	2.5	0.5	0.5	1.5	1.5	1.5	1.0	0.0	0.0	0.0	0.0	0.0	0.0
BP087_80_VAG_PM036_1_1_R2_subset	3.0	3.5	3.0	2.5	2.0	4.5	8.0	10.5	14.5	16.0	16.5	17.0	14.0	20.5	34.5	41.0	64.0	88.0	132.0	212.0	288.5	371.5	507.5	662.5	844.0	1090.0	1340.5	1639.5	1930.5	2210.5	2560.5	2767.0	2918.5	3178.0	3453.0	3658.5	3930.5	4106.5	4151.0	4217.5	4083.5	3863.0	3634.0	3398.0	3136.0	2937.0	2817.0	2698.0	2624.5	2499.0	2325.5	2193.0	2004.0	1798.5	1686.5	1598.5	1483.0	1354.5	1236.5	1098.5	950.5	778.0	617.5	501.0	408.0	334.0	267.0	214.0	165.0	122.5	103.0	97.5	84.0	60.5	43.5	37.5	33.0	29.0	21.0	17.0	15.5	12.0	8.0	7.5	7.5	4.5	4.0	3.5	1.5	1.0	1.5	1.5	1.0	0.5	0.0	2.5	3.5	1.5	1.5	4.0	18.5
BP093_83_VAG_PM040_1_1_R1_subset	1.0	0.5	1.5	3.0	2.0	1.0	1.0	3.0	6.5	10.5	12.0	11.5	14.5	25.5	27.0	31.5	55.5	87.5	138.0	197.0	258.0	381.0	556.5	760.0	923.5	1142.5	1399.0	1625.0	1928.0	2260.0	2538.0	2821.0	3096.0	3341.5	3622.0	3789.0	3958.5	4161.5	4260.0	4277.0	4194.0	4029.5	3865.5	3646.5	3332.5	3032.5	2825.5	2603.5	2425.0	2336.5	2213.5	2052.0	1848.0	1657.0	1539.5	1481.0	1348.0	1199.0	1128.5	1002.5	861.5	743.5	606.5	476.0	383.5	324.0	254.5	198.0	160.0	131.5	109.0	93.5	69.5	48.0	39.0	38.0	36.0	30.0	26.5	22.0	16.5	10.0	7.0	7.0	5.5	3.5	2.0	1.5	1.5	1.0	1.5	1.5	0.5	0.0	0.0	0.0	0.0	0.0	0.5	0.5	0.0
BP093_83_VAG_PM040_1_1_R2_subset	0.0	1.5	3.0	3.0	3.5	4.5	5.5	6.5	8.5	13.5	19.0	19.5	22.5	29.0	33.5	39.0	60.5	99.5	127.5	181.0	287.0	411.5	536.0	712.5	910.5	1091.5	1339.0	1672.0	1998.5	2230.5	2482.0	2813.5	3098.0	3386.0	3604.0	3777.0	4051.5	4203.5	4222.0	4232.0	4193.5	4067.0	3799.0	3492.5	3204.5	2996.5	2846.0	2650.0	2426.5	2291.0	2179.0	2014.0	1893.5	1748.0	1602.5	1472.0	1355.5	1243.0	1126.5	975.5	837.5	719.5	583.5	467.0	383.0	333.0	269.5	201.0	167.5	136.0	96.5	80.0	64.0	47.5	41.5	39.0	32.0	24.0	22.0	21.5	19.0	14.0	8.5	7.0	5.5	4.0	2.5	2.5	2.5	1.0	0.5	1.5	1.5	1.5	2.5	1.5	2.0	3.0	1.0	1.0	19.0
BP130_114_VAG_PM042_2_1_R1_subset	2.0	1.0	0.0	1.0	1.5	3.0	6.0	7.0	5.5	6.5	11.0	15.0	19.0	23.5	29.5	42.0	65.0	96.0	138.0	195.0	288.5	436.5	591.0	720.5	912.5	1165.0	1382.5	1638.0	1982.0	2282.5	2545.0	2853.0	3128.0	3320.5	3537.0	3723.0	3891.5	4078.0	4126.0	4080.5	4060.0	3881.0	3631.0	3398.0	3189.5	3033.0	2780.0	2596.5	2464.5	2369.0	2248.5	2086.5	1934.0	1773.5	1640.0	1533.0	1490.5	1381.0	1228.0	1089.0	901.0	730.0	596.5	493.5	414.5	326.5	267.0	228.0	175.5	133.5	106.5	94.0	83.0	61.5	48.0	39.0	30.0	28.0	24.5	20.5	16.0	13.0	12.0	9.5	6.0	4.5	4.0	4.5	3.0	2.5	4.0	1.5	0.0	1.0	1.5	0.5	0.0	0.0	0.5	0.5	0.0
BP130_114_VAG_PM042_2_1_R2_subset	2.0	1.5	1.0	3.5	5.0	5.5	8.5	8.0	10.0	14.5	13.0	9.0	15.5	21.5	26.5	41.5	65.0	85.0	130.5	208.0	296.0	408.5	532.5	703.5	918.5	1126.5	1399.5	1725.0	1963.0	2248.0	2541.0	2780.0	3038.0	3227.5	3446.5	3756.5	4007.0	4121.5	4187.5	4173.5	4095.5	3968.0	3720.5	3485.0	3301.0	3059.0	2828.5	2656.0	2552.5	2389.5	2188.5	2063.0	1888.5	1742.0	1608.0	1474.0	1366.0	1265.5	1174.5	1028.5	907.0	757.0	596.0	491.5	384.5	310.0	263.0	220.0	172.0	133.5	112.5	91.5	67.5	50.5	43.5	36.5	33.0	28.0	21.0	20.0	14.0	14.0	15.5	10.5	6.5	6.0	4.5	2.5	1.0	0.0	0.5	2.0	2.5	1.5	0.5	0.5	1.5	2.0	2.0	1.5	22.5
BP143_125_RCT_PM017_1_1_R1_subset	0.0	0.0	0.0	0.0	0.0	0.5	0.5	0.0	0.0	0.5	1.5	2.0	3.0	4.5	5.0	9.0	16.5	25.0	34.5	54.0	67.0	89.0	127.0	167.0	208.5	250.5	299.0	355.0	416.0	468.0	514.0	590.5	639.0	659.5	715.5	759.0	820.0	851.0	868.0	907.5	894.0	898.0	898.5	876.5	828.0	817.5	856.0	854.0	852.5	826.5	794.5	770.5	751.0	712.5	676.5	638.0	572.5	538.0	502.5	441.5	383.0	348.0	306.5	247.5	206.5	178.0	140.0	116.5	97.0	72.0	53.0	40.5	29.0	19.0	18.0	12.0	7.0	4.0	3.5	2.0	1.5	1.5	0.5	0.5	1.0	0.5	0.5	1.0	1.0	0.5	0.0	0.0	0.5	0.5	0.0	0.0	0.0	0.0	0.0	0.0	0.0
BP143_125_RCT_PM017_1_1_R2_subset	0.0	0.5	0.5	0.5	1.0	1.5	2.0	1.5	0.5	1.5	2.5	2.0	2.0	2.5	4.5	11.0	16.0	23.5	36.5	48.0	60.0	79.0	111.5	144.5	205.0	253.5	288.0	339.5	398.5	488.5	528.5	587.5	669.5	677.0	710.5	778.5	831.0	866.0	885.5	888.0	883.5	893.5	892.5	902.0	869.0	827.5	853.0	843.0	813.5	788.0	779.0	747.5	711.5	712.5	687.5	661.5	591.0	516.5	491.5	452.5	378.0	323.5	296.5	263.0	219.5	179.0	142.0	113.0	88.5	60.5	53.5	48.0	32.5	18.5	18.5	13.5	6.0	4.0	3.5	3.0	1.0	1.0	2.0	2.0	1.0	0.0	0.5	0.5	0.5	0.5	0.0	0.0	0.0	0.0	0.0	0.0	0.5	0.5	0.0	0.5	8.0
BP153_135_RCT_PM030_1_1_R1_subset	0.0	0.0	0.0	0.0	0.0	0.0	0.5	0.5	1.0	2.0	1.5	3.5	7.0	10.5	18.0	22.5	33.0	53.0	85.0	107.0	127.0	173.5	242.5	309.0	369.0	458.5	562.5	653.0	729.0	833.5	936.0	1025.5	1116.5	1139.0	1187.0	1281.5	1270.5	1320.0	1368.0	1377.0	1415.5	1391.5	1355.0	1341.5	1361.0	1333.5	1305.5	1282.5	1261.0	1223.5	1218.5	1209.0	1149.5	1098.5	1036.0	954.0	891.5	841.5	775.0	696.5	592.0	538.0	471.5	382.0	304.0	232.0	175.5	142.0	119.0	84.0	52.5	30.0	22.5	16.0	11.0	7.0	7.0	7.5	3.0	1.0	1.0	0.5	0.0	0.0	0.0	0.0	0.0	0.0	0.0	0.0	0.0	0.0	0.0	0.0	0.0	0.0	0.0	0.0	0.0	0.0	0.0
BP153_135_RCT_PM030_1_1_R2_subset	0.0	0.5	1.0	1.0	0.5	0.5	1.0	0.5	2.5	4.0	3.0	5.0	9.5	12.5	14.5	22.5	37.5	56.5	85.0	109.0	132.5	178.5	237.5	284.5	349.0	448.0	540.0	605.5	698.0	813.5	912.0	1010.0	1086.0	1137.5	1197.0	1289.5	1343.0	1393.5	1426.5	1432.0	1419.0	1420.0	1416.5	1401.5	1372.0	1313.0	1308.5	1315.5	1274.5	1246.0	1234.0	1181.5	1121.0	1036.0	992.0	953.5	880.5	793.0	721.5	628.0	563.0	522.0	445.5	390.5	311.5	243.0	193.0	160.0	121.5	74.5	56.5	41.0	26.5	19.5	16.0	8.5	6.0	5.5	3.5	1.5	1.0	1.0	0.0	0.0	0.5	0.5	0.0	0.0	0.0	0.0	0.0	0.0	0.0	0.0	0.0	0.0	0.5	1.0	1.0	2.0	16.0
BP155_137_RCT_PM033_1_1_R1_subset	0.0	0.0	0.0	0.5	0.5	0.0	0.0	0.0	2.0	3.0	3.5	4.5	4.5	7.0	12.5	23.5	39.5	63.0	91.5	124.0	165.5	218.0	291.5	366.0	464.5	581.0	701.0	801.0	919.5	1014.5	1073.0	1155.5	1239.5	1266.0	1309.5	1345.0	1292.5	1267.5	1234.5	1178.5	1098.5	1026.5	976.5	908.0	823.5	748.0	688.5	618.5	587.5	576.5	548.0	533.0	497.5	499.0	502.5	475.5	467.5	451.5	458.0	449.0	390.0	363.5	332.0	275.5	245.0	225.0	212.5	176.0	122.0	93.0	75.0	56.5	34.5	26.0	25.0	14.5	9.5	7.5	4.5	3.5	3.0	2.0	1.0	0.5	1.5	1.0	0.0	0.5	0.5	0.0	0.0	0.0	0.0	0.0	0.0	0.0	0.0	0.0	0.0	0.5	0.5
BP155_137_RCT_PM033_1_1_R2_subset	0.0	0.0	1.0	1.5	0.5	1.0	1.5	1.5	1.5	2.0	3.5	4.0	6.0	9.5	16.0	25.0	39.5	59.0	76.0	113.5	169.0	229.5	307.0	383.5	460.5	559.5	689.5	825.0	887.0	992.0	1141.5	1234.5	1247.0	1264.0	1283.5	1263.5	1237.5	1241.5	1246.5	1162.5	1086.0	1011.0	922.5	833.0	768.5	719.5	684.0	654.5	614.5	609.5	587.5	555.5	516.0	484.0	508.0	486.0	477.0	493.0	458.5	424.0	395.0	372.0	342.5	287.5	242.0	215.0	198.5	166.5	125.0	97.5	67.5	45.0	33.5	24.0	21.0	17.5	10.5	8.5	4.5	1.5	1.5	2.0	2.5	2.5	1.0	0.0	0.5	0.5	1.0	1.5	0.5	1.5	2.0	1.0	0.5	0.0	0.5	0.5	0.0	0.5	5.5
BP161_143_RCT_PM040_1_1_R1_subset	1.0	0.5	0.5	1.5	1.5	1.0	1.0	0.5	1.0	3.5	7.0	12.0	17.0	29.0	37.5	46.0	71.5	116.5	162.0	220.0	320.0	444.5	592.0	769.5	938.5	1157.0	1437.5	1725.5	2042.0	2333.5	2564.0	2869.0	3122.5	3306.5	3531.0	3768.0	3932.0	4016.5	4079.0	4150.0	4101.5	3902.0	3768.5	3623.0	3403.5	3128.5	2880.5	2733.0	2548.5	2355.0	2183.0	1978.5	1811.5	1671.0	1561.0	1469.0	1357.0	1238.5	1119.5	968.5	838.5	704.5	573.5	495.5	419.5	333.5	276.5	235.5	176.5	129.0	110.5	91.0	75.5	61.0	39.5	30.0	28.0	21.0	14.5	13.5	14.5	13.5	9.5	4.5	5.0	7.5	3.5	1.0	2.5	1.5	0.0	0.5	0.5	0.5	0.5	0.0	0.5	0.5	0.0	0.0	0.0
BP161_143_RCT_PM040_1_1_R2_subset	0.0	1.0	2.5	3.0	3.0	2.0	1.0	3.5	6.5	6.0	7.0	15.0	19.5	24.0	33.5	38.5	70.0	105.0	135.5	209.0	306.5	409.5	556.5	759.5	976.0	1203.5	1435.5	1699.0	1989.5	2282.5	2578.5	2886.0	3102.0	3319.5	3599.5	3781.5	3893.5	3996.0	4130.0	4192.0	4078.5	3907.0	3739.0	3557.0	3253.5	2985.5	2839.5	2675.5	2524.0	2312.5	2128.5	2022.0	1870.5	1712.0	1545.0	1420.5	1365.0	1262.5	1178.0	1040.5	874.0	742.5	580.0	488.0	418.0	325.0	262.5	212.5	165.5	121.0	104.0	89.0	71.5	55.5	39.0	36.0	29.0	22.5	21.0	14.0	12.0	12.0	11.5	10.5	7.5	6.0	3.0	1.0	1.0	1.5	1.5	2.5	3.0	1.5	1.5	2.0	2.0	2.0	2.0	1.5	23.0
BP162_144_RCT_PM042_1_1_R1_subset	0.0	0.0	0.0	0.0	0.0	0.0	0.0	0.0	0.0	0.0	0.5	0.5	0.0	0.0	0.0	0.0	0.0	0.0	0.0	0.0	0.0	0.0	0.0	1.0	1.0	2.5	5.0	4.0	7.0	9.5	6.5	5.0	5.5	5.5	8.0	7.5	5.5	9.0	9.0	6.0	9.5	13.0	8.5	7.5	12.5	10.0	5.5	6.0	6.5	7.0	6.5	4.5	5.0	7.0	7.0	6.0	4.0	3.0	3.5	4.0	3.5	5.0	5.5	2.5	2.5	3.5	1.5	0.5	1.0	0.5	0.5	0.5	0.5	0.5	0.0	0.5	0.5	0.0	0.0	0.0	0.0	0.5	0.5	0.0	0.0	0.0	0.0	0.0	0.0	0.0	0.0	0.0	0.0	0.0	0.0	0.0	0.0	0.0	0.0	0.0	0.0
BP162_144_RCT_PM042_1_1_R2_subset	0.0	0.0	0.0	0.0	0.0	0.0	0.0	0.0	0.0	0.0	0.0	0.0	0.0	0.0	0.0	1.0	1.0	0.0	0.0	0.0	0.5	1.0	1.0	0.5	1.0	2.5	3.5	4.0	4.5	4.0	3.5	6.0	7.0	6.0	6.5	9.0	11.5	11.5	10.5	10.0	9.0	7.0	4.0	6.0	9.5	8.5	9.0	8.0	5.5	5.5	5.0	5.0	6.0	7.0	7.5	7.0	7.5	6.5	5.0	4.0	1.5	1.5	4.0	3.0	1.0	2.0	1.5	0.5	2.0	1.5	0.5	0.5	0.5	0.5	0.0	0.0	0.0	0.0	0.0	0.0	0.0	0.0	0.0	0.0	0.0	0.0	0.0	0.0	0.0	0.0	0.0	0.0	0.0	0.0	0.0	0.0	0.0	0.0	0.0	0.0	3.0
BP164_146_RCT_PM044_1_1_R1_subset	1.0	0.5	0.0	0.5	1.0	2.0	2.5	3.0	6.5	8.0	8.0	9.0	15.5	23.0	24.5	35.5	51.0	78.0	120.0	164.0	230.0	332.5	444.0	590.5	732.5	843.5	1067.0	1307.5	1515.0	1765.0	2022.0	2289.0	2564.0	2808.0	3037.0	3259.5	3464.5	3657.0	3822.5	3921.0	3906.0	3825.0	3702.0	3560.0	3449.5	3383.0	3267.5	3115.5	2987.5	2881.5	2701.5	2483.0	2306.5	2130.5	1962.5	1861.0	1796.0	1611.0	1397.0	1240.5	1075.0	899.0	739.0	619.5	521.0	430.5	358.0	302.0	241.0	194.0	163.0	131.5	108.0	84.0	68.5	59.0	52.5	40.0	34.5	31.5	28.0	26.0	19.0	12.0	12.5	14.0	8.0	2.0	3.0	2.0	2.5	3.0	1.5	3.0	2.5	1.5	1.5	0.5	0.0	0.0	0.0
BP164_146_RCT_PM044_1_1_R2_subset	0.0	0.5	1.0	1.0	2.0	3.5	3.5	2.5	3.5	8.5	10.5	9.0	11.5	15.0	21.0	27.0	37.0	68.5	129.0	176.5	224.0	304.0	424.0	578.5	712.5	864.0	1059.0	1283.5	1540.5	1770.0	1965.0	2266.5	2612.5	2856.5	3078.0	3291.0	3496.0	3654.0	3815.0	3998.0	4005.0	3894.5	3788.5	3641.5	3478.0	3356.0	3202.5	3137.5	3044.5	2871.5	2714.5	2521.0	2327.5	2086.5	1898.5	1823.5	1717.0	1556.0	1382.0	1197.0	1039.5	852.0	681.5	584.0	502.5	413.0	341.0	288.5	228.0	184.5	158.0	116.5	96.0	82.5	62.0	48.5	41.5	37.5	30.0	28.0	26.0	18.5	19.0	18.5	16.0	12.0	6.0	4.0	2.0	5.5	5.5	2.0	1.0	1.5	1.0	1.0	1.0	0.5	1.5	4.0	37.5
BP167_149_RCT_PM048_1_1_R1_subset	0.0	0.0	1.5	2.0	2.0	2.0	1.5	3.5	4.0	3.5	5.0	7.5	15.0	27.0	31.5	37.0	52.5	78.5	109.0	153.0	230.0	312.0	403.5	553.0	736.0	906.0	1118.5	1353.5	1569.0	1883.5	2144.5	2351.0	2597.5	2806.0	3019.0	3269.5	3504.0	3717.5	3952.5	3990.0	3891.5	3806.0	3722.5	3534.5	3329.5	3231.0	3096.0	3017.5	2959.5	2812.0	2644.0	2472.0	2272.0	2115.5	1993.0	1841.5	1722.5	1638.0	1499.5	1342.0	1148.5	959.0	821.0	658.0	518.0	433.5	388.0	322.5	244.0	187.5	146.5	124.0	92.5	64.5	54.0	44.5	34.0	27.0	28.0	21.0	13.5	13.5	14.0	13.0	8.5	6.0	5.0	2.5	1.5	1.5	0.5	0.5	0.5	0.0	0.0	0.0	0.0	0.0	0.0	0.0	0.0
BP167_149_RCT_PM048_1_1_R2_subset	2.0	1.5	0.5	1.5	3.0	2.0	2.0	4.0	5.5	6.0	10.5	12.0	13.5	19.0	19.0	26.0	43.0	73.0	118.5	171.0	223.0	305.5	417.0	537.0	716.5	912.0	1108.0	1348.5	1568.5	1823.5	2083.0	2358.5	2614.0	2807.0	3033.0	3328.0	3610.0	3787.0	3902.0	3967.5	4000.5	3912.5	3790.0	3626.5	3458.0	3329.0	3174.5	3030.5	2860.0	2737.0	2604.5	2451.5	2260.5	2065.0	1922.5	1793.5	1664.5	1533.5	1424.0	1267.0	1089.5	920.0	753.5	597.5	494.0	420.0	348.0	287.5	221.0	162.5	134.5	120.0	90.5	70.5	53.5	43.5	42.5	39.0	31.5	24.0	19.0	18.0	18.5	13.0	10.0	6.5	3.5	1.5	2.5	4.0	1.5	0.0	0.5	0.5	0.5	2.5	2.5	1.0	0.5	1.0	32.0
BP177_159_RCT_PM021_2_1_R1_subset	0.0	0.0	0.0	0.0	0.0	0.0	0.0	0.0	0.0	0.0	0.0	0.0	0.0	0.0	0.0	0.0	0.0	0.0	0.0	0.0	0.0	0.0	0.0	0.0	0.0	0.0	0.0	0.0	0.0	0.5	0.5	0.0	0.0	0.0	0.0	0.0	0.0	0.0	0.0	0.5	0.5	0.0	0.5	0.5	0.5	0.5	0.0	0.5	0.5	0.0	0.0	0.0	0.0	0.0	0.0	0.0	0.5	0.5	0.0	0.0	0.0	0.0	0.0	0.0	0.0	0.0	0.0	0.0	0.0	0.0	0.0	0.0	0.0	0.0	0.0	0.0	0.0	0.0	0.0	0.0	0.0	0.0	0.0	0.0	0.0	0.0	0.0	0.0	0.0	0.0	0.0	0.0	0.0	0.0	0.0	0.0	0.0	0.0	0.0	0.0	0.0
BP177_159_RCT_PM021_2_1_R2_subset	0.0	0.0	0.0	0.0	0.0	0.0	0.0	0.0	0.0	0.0	0.0	0.0	0.0	0.0	0.0	0.0	0.0	0.0	0.0	0.0	0.0	0.0	0.0	0.0	0.0	0.0	0.0	0.0	0.0	0.0	0.0	0.0	0.0	0.5	0.5	0.0	0.0	0.0	0.0	0.0	0.5	0.5	0.0	0.5	0.5	0.5	0.5	0.0	0.0	0.5	0.5	0.0	0.0	0.0	0.0	0.0	0.0	0.5	0.5	0.0	0.0	0.0	0.0	0.0	0.0	0.0	0.0	0.0	0.0	0.0	0.0	0.0	0.0	0.0	0.0	0.0	0.0	0.0	0.0	0.0	0.0	0.0	0.0	0.0	0.0	0.0	0.0	0.0	0.0	0.0	0.0	0.0	0.0	0.0	0.0	0.0	0.0	0.0	0.0	0.0	0.0
BP180_162_RCT_PM026_2_1_R1_subset	0.0	0.0	0.0	0.0	0.0	0.0	0.0	0.0	0.0	0.0	0.0	0.0	0.0	0.0	0.0	0.0	0.0	0.0	0.0	0.0	0.0	0.0	0.0	0.0	0.0	0.0	0.0	0.0	0.0	0.0	0.0	0.0	0.0	0.0	0.0	0.0	0.0	0.0	0.0	0.0	0.5	0.5	0.0	0.0	0.0	0.0	0.0	0.0	0.0	0.0	0.0	0.0	0.0	0.5	0.5	0.0	0.0	0.0	0.0	0.0	0.0	0.0	0.0	0.0	0.0	0.0	0.0	0.0	0.0	0.5	0.5	0.0	0.0	0.0	0.0	0.0	0.0	0.0	0.0	0.0	0.0	0.0	0.0	0.0	0.0	0.0	0.0	0.0	0.0	0.0	0.0	0.0	0.0	0.0	0.0	0.0	0.0	0.0	0.0	0.0	0.0
BP180_162_RCT_PM026_2_1_R2_subset	0.0	0.0	0.0	0.0	0.0	0.0	0.0	0.0	0.0	0.0	0.0	0.0	0.0	0.0	0.0	0.0	0.0	0.0	0.0	0.0	0.0	0.0	0.0	0.0	0.0	0.0	0.0	0.0	0.0	0.0	0.0	0.0	0.0	0.0	0.0	0.0	0.0	0.0	0.0	0.0	0.5	0.5	0.0	0.0	0.0	0.0	0.0	0.0	0.0	0.0	0.0	0.0	0.5	0.5	0.0	0.0	0.0	0.0	0.0	0.0	0.0	0.0	0.0	0.0	0.0	0.0	0.0	0.0	0.0	0.0	0.5	0.5	0.0	0.0	0.0	0.0	0.0	0.0	0.0	0.0	0.0	0.0	0.0	0.0	0.0	0.0	0.0	0.0	0.0	0.0	0.0	0.0	0.0	0.0	0.0	0.0	0.0	0.0	0.0	0.0	0.0
BP181_163_RCT_PM028_2_1_R1_subset	0.0	0.0	0.0	0.0	0.0	1.0	1.0	0.5	1.0	1.5	3.0	5.0	10.5	17.5	27.0	44.0	73.5	101.0	135.5	182.0	253.5	360.5	457.0	572.5	744.0	954.5	1174.0	1344.5	1557.5	1849.5	2077.0	2241.5	2455.0	2674.5	2784.5	2929.5	3072.5	3111.5	3112.0	3049.0	3053.0	3061.5	2977.0	2946.0	2882.5	2780.0	2732.5	2710.0	2702.0	2676.5	2609.5	2579.5	2593.5	2475.0	2366.5	2357.0	2316.0	2176.0	1956.5	1842.5	1724.0	1529.5	1380.0	1189.5	998.5	874.0	749.0	595.5	477.5	376.0	278.0	227.0	174.0	121.0	82.0	60.5	44.5	24.5	11.5	8.0	5.5	4.5	3.5	2.5	1.5	1.0	0.5	0.0	0.5	0.5	0.0	0.5	0.5	0.0	0.0	0.0	0.0	0.0	0.5	1.0	0.5
BP181_163_RCT_PM028_2_1_R2_subset	0.0	0.0	0.5	0.5	0.0	0.0	1.0	2.0	3.0	5.5	6.0	8.5	13.5	14.0	22.5	40.0	60.0	87.0	125.0	179.5	247.0	335.0	453.0	590.5	741.5	928.5	1137.0	1375.5	1611.0	1844.0	2074.5	2281.0	2492.0	2692.5	2793.5	2924.0	3039.5	3034.5	3088.5	3187.5	3203.0	3096.5	2973.0	2931.0	2879.0	2777.0	2714.5	2682.0	2660.0	2640.0	2591.5	2622.5	2636.5	2542.0	2415.5	2362.0	2254.0	2084.5	1962.5	1808.5	1650.5	1482.0	1323.5	1159.5	1017.5	880.5	729.5	578.0	451.0	358.0	288.5	225.0	162.5	102.0	70.0	54.5	42.0	29.5	23.0	13.5	5.0	5.5	4.0	2.5	2.0	1.5	1.0	1.0	1.0	1.0	0.5	0.0	0.0	0.0	0.0	0.0	1.0	1.5	1.0	1.5	28.0
BP186_167_RCT_PM034_2_1_R1_subset	0.0	0.0	0.0	0.5	1.0	1.0	0.5	0.0	0.5	1.5	1.0	1.5	4.0	7.0	11.0	19.0	25.5	31.0	41.0	54.0	91.5	143.5	178.5	226.5	285.5	351.0	451.0	519.0	567.0	681.5	764.5	809.5	889.0	935.5	962.0	1008.0	1033.0	1095.5	1114.5	1061.5	1066.5	1070.0	1019.0	976.5	949.0	913.5	846.0	778.0	758.0	707.0	630.5	573.0	505.0	446.0	411.0	357.5	325.0	317.0	267.0	217.0	199.0	166.5	134.0	117.5	90.5	68.0	64.0	55.5	43.5	37.5	31.5	27.5	21.5	10.0	5.5	5.0	5.5	5.5	5.0	6.0	3.5	2.0	2.0	0.5	1.5	1.5	1.0	0.5	0.5	0.5	0.0	0.0	0.0	0.0	0.0	0.0	0.0	0.0	0.0	0.0	0.0
BP186_167_RCT_PM034_2_1_R2_subset	0.0	0.0	0.0	0.0	1.0	1.0	0.5	2.0	3.0	4.0	3.0	1.5	2.0	4.5	16.5	23.0	22.5	34.5	51.5	70.0	100.5	129.5	167.5	210.0	271.0	345.5	432.0	521.5	595.0	666.0	718.0	780.0	881.0	980.0	1018.0	1051.0	1077.0	1088.5	1120.5	1111.5	1056.5	1045.5	1034.0	947.0	875.0	872.0	848.0	800.5	730.0	653.5	610.0	559.5	505.5	460.5	426.5	384.0	336.0	294.5	262.0	226.0	181.0	157.5	142.0	109.5	94.0	85.0	62.5	49.0	40.5	36.0	31.5	18.5	14.5	14.0	9.0	7.0	7.0	5.0	4.5	3.0	2.0	1.5	0.5	2.0	2.5	0.5	0.0	0.0	0.0	0.5	1.0	0.5	0.0	0.0	0.0	0.0	0.0	0.0	0.5	1.0	5.0
BP202_182_RCT_M010_V1_1_R1_subset	0.0	0.0	0.0	0.0	0.0	0.0	0.0	0.0	1.0	2.0	4.5	8.0	12.5	19.0	32.5	50.0	66.5	90.5	126.0	185.5	271.5	339.5	451.0	575.0	708.5	881.5	1028.5	1221.0	1424.5	1584.5	1739.0	1889.5	1984.5	2117.5	2233.0	2223.5	2271.0	2303.5	2298.0	2331.5	2321.0	2265.5	2226.5	2196.0	2133.5	2107.5	2040.0	1939.5	1849.0	1738.5	1651.0	1607.5	1544.0	1392.0	1235.5	1143.0	1085.0	978.0	891.5	846.5	768.5	698.5	628.5	557.0	513.5	507.5	475.0	415.0	363.0	319.5	283.0	232.0	198.0	168.0	130.0	102.0	73.0	44.0	34.0	24.0	14.5	12.0	6.5	3.5	3.0	1.0	0.0	0.0	0.0	0.5	1.0	0.5	0.0	0.0	0.0	0.0	0.0	0.0	0.0	0.0	0.0
BP202_182_RCT_M010_V1_1_R2_subset	0.0	0.0	1.0	2.5	2.5	2.0	1.0	4.0	5.5	6.0	7.0	11.0	21.0	26.5	31.0	38.0	56.0	90.5	143.0	198.0	249.5	340.5	445.5	566.0	711.0	856.0	1028.0	1236.5	1401.5	1593.0	1750.5	1899.5	2048.0	2110.5	2200.5	2296.5	2350.5	2328.5	2332.0	2354.5	2302.5	2243.5	2224.0	2208.0	2130.5	2046.0	2020.5	1980.0	1890.5	1794.5	1677.0	1533.0	1416.0	1337.0	1255.0	1171.5	1073.5	953.5	851.0	774.0	747.5	690.0	618.0	567.0	516.0	484.0	432.5	387.5	362.0	331.0	291.0	236.5	170.5	142.0	134.0	93.0	61.0	45.5	33.0	23.5	13.5	8.5	6.5	3.5	2.5	1.0	1.0	0.5	0.5	1.0	0.5	0.0	0.0	0.0	0.0	0.0	0.0	0.5	2.0	4.5	19.5
BP204_184_RCT_M013_V1_1_R1_subset	0.0	0.0	0.0	0.0	0.5	0.5	0.0	0.5	2.5	3.5	3.5	7.0	13.0	25.0	40.0	63.0	85.0	110.5	148.0	209.0	289.5	384.5	495.5	666.0	841.0	991.5	1220.5	1460.0	1689.5	1890.5	2113.0	2374.5	2512.0	2676.5	2944.5	3046.5	3080.0	3206.0	3303.0	3293.5	3305.0	3353.0	3336.5	3358.0	3410.5	3408.0	3382.0	3345.0	3305.5	3274.5	3114.0	2892.0	2758.5	2554.5	2248.5	2009.0	1816.0	1614.0	1408.0	1216.5	1041.5	886.5	762.0	623.0	513.5	452.5	374.0	295.0	238.0	175.0	134.5	107.0	77.0	54.0	35.0	27.5	18.0	11.0	7.5	3.5	4.5	3.5	1.0	1.0	1.0	0.5	0.0	0.0	0.0	0.5	1.0	0.5	0.0	0.0	0.0	0.0	0.0	0.0	0.0	0.0	0.0
BP204_184_RCT_M013_V1_1_R2_subset	0.0	0.0	0.0	1.0	1.5	1.5	2.5	3.0	3.5	5.5	7.0	11.0	22.0	30.0	41.0	53.5	74.5	124.0	172.0	223.5	276.0	363.0	493.0	638.5	806.5	1038.0	1239.5	1418.0	1660.5	1874.0	2111.5	2306.0	2577.0	2793.0	2900.0	2989.5	3054.0	3164.0	3237.5	3260.0	3302.5	3374.5	3420.5	3435.0	3426.5	3411.0	3351.5	3359.5	3333.0	3174.0	3069.0	2951.0	2680.5	2501.5	2299.0	2021.0	1796.5	1558.0	1346.0	1225.5	1092.5	903.0	746.5	611.5	517.0	440.0	356.0	296.0	254.0	190.5	144.5	105.0	73.0	60.5	39.0	25.0	21.5	17.0	11.0	4.5	2.5	3.0	2.5	1.0	1.0	0.5	0.0	0.5	1.0	0.5	0.0	0.0	0.0	0.0	0.0	0.5	2.0	1.5	1.0	4.0	30.5
BP207_187_RCT_M026_V1_1_R1_subset	0.0	0.0	0.0	0.0	0.0	0.0	0.5	0.5	1.0	2.5	3.0	2.5	7.0	12.5	22.5	32.5	43.5	61.5	85.0	123.0	184.0	252.5	288.0	353.0	467.0	591.5	720.0	910.0	1118.0	1243.5	1448.0	1684.0	1942.5	2231.0	2466.5	2711.5	2940.0	3154.5	3356.5	3519.0	3610.0	3714.0	3792.0	3753.5	3776.0	3750.5	3756.5	3716.5	3542.5	3522.5	3416.5	3276.0	3166.5	2975.5	2764.0	2474.5	2249.5	2019.0	1711.0	1447.5	1221.5	999.5	796.5	638.5	484.5	371.5	300.5	230.0	169.0	126.0	83.5	57.0	51.5	40.0	24.0	15.5	6.0	4.0	3.5	1.0	0.5	1.0	0.5	0.0	0.5	0.5	0.5	0.5	0.0	0.0	0.0	0.0	0.0	0.5	0.5	0.0	0.0	0.0	0.0	0.0	0.0
BP207_187_RCT_M026_V1_1_R2_subset	0.0	0.0	0.0	0.5	0.5	0.0	0.5	1.5	1.5	3.5	4.0	6.5	11.0	14.5	22.5	35.5	48.5	67.5	97.5	133.5	166.0	214.5	283.5	362.5	457.0	574.5	711.5	880.0	1076.0	1234.5	1450.0	1671.0	1870.5	2170.0	2458.0	2699.0	2935.0	3175.5	3415.5	3568.0	3648.5	3747.5	3793.5	3731.0	3747.5	3743.0	3661.0	3633.0	3563.0	3493.0	3478.0	3353.5	3163.5	2990.5	2742.5	2495.0	2284.0	2027.0	1707.0	1436.5	1257.0	1045.5	814.0	630.5	500.5	388.0	275.0	205.0	159.5	119.5	85.5	64.5	44.0	29.5	19.0	11.5	8.5	8.0	6.0	3.0	2.5	1.5	0.5	1.5	1.5	1.0	1.5	1.5	0.5	0.0	0.0	0.5	0.5	0.0	0.0	0.0	0.5	0.5	0.5	1.0	25.5
BP213_193_RCT_M040_V1_1_R1_subset	0.0	0.0	0.0	0.0	0.0	0.0	0.0	0.5	1.5	2.5	6.5	11.0	15.5	23.5	38.0	53.5	72.5	118.0	177.0	243.5	343.5	461.5	605.5	781.5	967.5	1158.5	1395.0	1646.0	1841.5	2091.5	2377.0	2620.0	2821.5	3001.0	3119.5	3220.5	3352.0	3378.0	3384.5	3429.0	3435.0	3409.0	3336.5	3171.0	3059.0	3015.5	2893.0	2730.5	2562.0	2421.0	2292.5	2129.5	1992.0	1912.5	1817.0	1733.0	1631.5	1518.5	1492.0	1452.0	1355.0	1263.5	1177.0	1046.0	893.0	798.0	704.5	584.0	476.5	379.5	288.5	215.5	154.5	105.5	71.5	43.5	29.0	19.0	17.0	12.5	6.5	5.5	6.5	3.5	0.0	0.5	1.0	0.5	0.0	0.0	0.0	0.0	0.0	0.0	0.0	0.0	0.0	0.0	0.0	0.0	0.0
BP213_193_RCT_M040_V1_1_R2_subset	0.0	0.0	0.5	0.5	1.0	3.0	3.0	2.0	1.5	5.0	7.0	10.0	21.0	27.5	39.5	57.0	88.5	131.0	166.0	233.0	337.5	465.5	605.0	762.5	909.0	1102.5	1367.0	1631.5	1867.0	2089.5	2380.0	2675.0	2845.5	2973.0	3111.5	3211.0	3307.0	3374.5	3359.0	3316.0	3290.5	3295.5	3266.0	3174.0	3100.0	2943.5	2815.0	2711.0	2585.5	2454.0	2338.5	2243.5	2086.5	1928.5	1812.0	1727.0	1630.0	1552.0	1480.5	1432.0	1343.0	1235.0	1159.0	1045.0	913.0	792.0	681.0	581.0	463.5	359.5	278.5	207.5	162.5	121.0	90.5	64.0	38.5	23.0	15.0	12.5	9.0	5.5	4.5	3.5	1.5	0.0	0.0	0.5	0.5	0.0	0.0	0.0	0.0	0.0	0.0	0.0	0.5	1.5	1.5	1.5	17.0
BP220_200_RCT_M048_T1_1_R1_subset	0.0	0.0	0.0	0.0	0.0	0.0	0.0	0.5	1.5	1.5	1.5	4.0	7.5	15.5	23.5	27.5	49.0	76.5	96.0	144.0	222.5	288.5	371.5	505.5	652.5	828.5	1017.5	1179.0	1372.0	1547.0	1673.5	1863.5	2034.5	2152.0	2224.5	2195.5	2197.0	2214.0	2183.5	2078.5	1914.0	1797.0	1671.5	1528.5	1360.0	1196.5	1098.5	1010.5	915.5	833.0	751.0	671.0	619.5	569.0	522.0	481.0	444.5	410.0	377.0	340.5	281.5	243.5	213.5	173.0	145.5	118.0	87.0	72.0	63.5	51.5	39.0	25.5	20.0	18.5	15.5	13.5	7.5	4.0	7.0	6.0	4.0	2.5	1.0	0.5	0.5	1.0	1.0	0.0	0.0	0.0	0.0	0.0	0.0	0.0	0.5	0.5	0.0	0.0	0.0	0.0	0.0
BP220_200_RCT_M048_T1_1_R2_subset	0.0	0.0	0.0	0.0	0.0	0.0	1.0	1.5	1.5	2.5	4.0	4.5	5.0	11.5	20.0	30.5	44.5	64.5	102.0	151.0	205.0	302.5	410.5	494.5	621.0	793.5	983.0	1187.0	1390.5	1578.5	1730.5	1860.5	1948.5	2064.5	2137.0	2170.5	2210.5	2212.5	2176.5	2092.0	1980.0	1788.5	1621.5	1458.0	1296.0	1208.5	1122.5	1012.5	928.0	845.0	766.5	712.5	650.5	577.5	522.5	501.5	475.0	416.5	366.0	312.5	269.5	243.5	203.0	173.0	147.0	116.0	93.5	80.0	63.0	47.0	36.5	28.5	18.5	17.0	16.0	10.5	9.0	6.5	4.0	5.0	3.0	1.5	2.5	3.5	3.5	2.5	1.0	1.0	1.0	0.0	0.0	0.5	0.5	0.0	0.0	0.0	0.0	1.0	2.0	2.5	17.5
BP221_201_RCT_M049_T1_1_R1_subset	0.0	0.0	1.0	1.0	0.5	1.0	1.0	2.5	3.0	4.5	7.5	11.5	18.5	29.5	42.5	62.0	91.0	118.0	166.5	226.5	291.5	379.0	507.0	622.0	748.0	933.0	1112.5	1271.0	1464.5	1658.0	1788.5	1937.0	2038.0	2124.0	2222.5	2315.5	2371.0	2417.0	2514.5	2542.5	2540.0	2467.5	2398.5	2380.5	2331.0	2245.0	2222.0	2275.0	2181.0	2082.0	2048.0	1940.0	1784.5	1640.0	1557.0	1412.0	1240.0	1086.5	945.0	807.0	639.0	512.5	426.5	355.5	276.0	208.0	155.5	131.0	103.5	79.5	67.0	46.5	33.0	26.0	19.5	10.0	6.5	5.5	4.0	4.5	3.5	2.0	4.0	3.0	1.0	1.0	1.0	1.0	0.5	0.0	0.0	0.5	0.5	0.0	0.0	0.0	0.0	0.0	0.0	0.0	0.0
BP221_201_RCT_M049_T1_1_R2_subset	0.0	0.5	1.0	2.0	3.0	2.5	4.0	5.5	8.5	8.5	9.0	16.5	22.0	33.5	45.0	61.5	100.5	134.5	163.0	214.0	294.5	408.5	510.5	604.0	720.5	889.0	1064.5	1253.5	1450.0	1657.5	1794.0	1885.5	2056.5	2150.5	2230.5	2308.0	2415.0	2528.0	2553.5	2545.0	2518.5	2485.5	2405.0	2314.0	2259.5	2226.5	2245.0	2235.0	2168.5	2079.5	2003.5	1959.0	1820.0	1689.5	1551.0	1341.5	1193.5	1063.5	897.0	771.5	642.0	498.5	414.5	349.5	276.5	211.0	174.0	135.5	93.5	71.0	61.0	46.0	25.0	23.0	23.0	12.5	10.5	10.0	6.5	5.0	3.5	2.0	1.5	1.5	1.0	1.0	1.5	0.5	1.5	2.0	0.5	1.0	1.0	0.0	0.0	0.0	0.0	0.5	2.0	4.0	21.0
BP230_210_RCT_M060_T1_1_R1_subset	0.0	0.0	0.0	0.0	0.0	0.0	0.5	1.5	2.0	4.0	5.0	8.0	13.5	16.5	25.5	41.5	63.5	87.0	139.5	200.5	272.5	367.5	454.0	545.5	686.5	867.0	1002.0	1184.0	1389.5	1564.5	1739.5	1898.0	2092.0	2256.0	2375.0	2534.0	2688.0	2853.0	2976.5	3028.5	3140.0	3243.0	3277.5	3395.5	3505.5	3486.0	3465.0	3486.5	3431.0	3324.5	3136.0	2916.0	2750.5	2548.0	2372.0	2183.5	2013.0	1819.0	1627.0	1519.5	1416.5	1324.0	1219.5	1061.5	946.0	839.5	695.0	593.0	514.5	431.5	337.5	263.5	210.0	153.5	113.5	90.5	66.0	43.0	29.5	20.0	16.5	12.5	9.0	8.5	5.5	3.5	3.0	1.5	0.0	1.0	2.0	1.0	0.5	1.0	0.5	0.0	0.0	0.0	0.0	0.0	0.0
BP230_210_RCT_M060_T1_1_R2_subset	0.0	0.0	0.0	0.0	0.5	0.5	1.5	2.5	5.5	6.5	6.0	14.0	18.5	20.5	27.0	46.0	70.5	101.5	144.0	180.5	244.5	330.0	418.0	533.5	690.0	855.5	1034.5	1186.0	1362.5	1560.5	1740.0	1921.0	2054.5	2180.5	2363.5	2557.5	2653.5	2732.0	2833.5	2979.0	3104.5	3147.0	3221.5	3296.0	3302.0	3363.5	3396.0	3356.0	3312.0	3273.0	3237.5	3074.0	2877.5	2620.0	2405.0	2277.0	2103.5	1924.0	1763.0	1575.5	1433.0	1335.5	1195.5	1073.5	947.5	807.5	693.0	619.5	538.0	435.5	343.5	262.0	199.0	159.5	107.0	74.0	59.0	43.0	33.0	25.5	16.0	10.5	9.0	8.0	6.0	3.5	2.0	1.0	0.0	0.0	0.5	1.0	0.5	0.5	0.5	0.0	0.0	0.5	1.5	2.0	25.0
BP239_218_RCT_M073_T1_1_R1_subset	1.0	0.5	0.0	0.0	0.5	0.5	3.0	4.0	2.5	1.5	1.5	6.5	12.0	24.0	37.0	38.5	57.0	90.0	115.5	183.5	242.5	310.0	419.5	537.5	678.5	854.0	1034.0	1193.5	1381.5	1615.5	1817.5	1946.5	2130.5	2341.0	2511.5	2661.5	2839.5	3023.0	3187.0	3293.5	3365.0	3534.0	3576.0	3501.5	3450.5	3313.0	3212.5	3193.5	3082.0	2926.5	2790.5	2637.0	2505.5	2364.0	2191.0	2102.5	1993.5	1872.0	1793.5	1641.0	1484.5	1340.5	1181.5	1072.0	950.0	797.0	688.0	575.5	458.5	375.0	307.5	223.0	167.5	122.0	81.0	54.0	33.5	24.0	18.0	17.0	10.5	4.0	3.5	3.0	2.5	1.5	1.0	0.5	0.5	0.5	0.0	0.5	0.5	0.0	0.5	0.5	0.0	0.0	0.0	0.0	0.0
BP239_218_RCT_M073_T1_1_R2_subset	1.0	0.5	0.0	0.0	0.5	0.5	0.5	2.5	2.5	2.5	5.5	10.5	20.5	25.0	31.5	49.0	58.5	90.0	126.5	168.5	236.5	337.5	438.0	533.0	675.5	805.0	974.5	1205.0	1410.0	1589.5	1778.0	1954.5	2138.5	2334.5	2553.5	2748.5	2929.5	3075.5	3155.0	3256.0	3369.5	3490.0	3462.5	3388.5	3376.0	3277.0	3170.0	3118.5	3057.5	2955.5	2769.5	2613.0	2522.0	2367.5	2245.0	2170.0	2071.5	1915.0	1767.0	1649.0	1511.0	1385.0	1204.5	1031.0	906.5	779.0	668.5	570.0	475.0	363.0	260.0	205.5	155.5	115.5	86.0	50.5	26.0	18.0	21.5	17.0	9.0	7.0	6.5	4.0	3.5	2.5	1.5	1.5	0.5	1.5	2.0	0.5	0.0	0.0	0.5	0.5	1.0	1.0	0.5	1.5	29.5
BP243_222_RCT_M077_T1_1_R1_subset	0.0	0.0	0.0	0.0	0.0	0.0	0.5	0.5	1.0	2.5	3.0	5.5	16.5	23.0	25.0	37.0	56.5	86.0	124.0	162.0	219.0	302.5	399.5	539.0	692.0	828.5	1006.0	1219.5	1401.5	1574.5	1780.0	1930.5	2044.5	2177.0	2295.5	2428.0	2519.0	2498.5	2526.0	2638.5	2641.5	2599.0	2633.5	2673.5	2674.0	2681.0	2660.5	2612.5	2651.5	2698.0	2714.5	2685.0	2583.5	2591.0	2563.5	2373.0	2253.5	2147.0	1979.0	1843.5	1737.5	1581.0	1380.0	1236.0	1037.5	880.5	759.0	618.0	501.0	377.0	296.5	225.5	176.5	124.0	73.0	47.5	35.0	20.5	11.5	8.0	7.5	7.5	2.5	1.0	1.0	0.0	0.0	0.0	0.0	0.0	0.0	0.0	0.0	0.5	0.5	0.5	0.5	0.0	0.0	0.0	0.0
BP243_222_RCT_M077_T1_1_R2_subset	1.0	0.5	0.5	1.0	0.5	1.5	3.5	2.5	3.0	7.5	8.0	8.5	14.5	23.5	30.5	42.0	64.5	88.0	128.0	182.0	240.0	323.5	408.5	499.5	665.0	845.0	990.0	1191.0	1373.5	1553.0	1730.5	1873.5	2093.0	2190.5	2279.5	2403.5	2446.5	2547.5	2608.0	2634.5	2638.0	2568.0	2543.5	2637.5	2641.0	2593.5	2625.0	2647.5	2632.5	2652.5	2690.5	2690.0	2696.0	2614.5	2525.5	2436.0	2327.0	2181.0	2012.0	1861.5	1675.5	1494.0	1356.0	1220.5	1039.0	847.0	700.5	618.5	490.5	380.5	315.5	232.0	166.0	116.5	80.0	49.5	32.5	24.0	13.0	9.5	7.5	5.0	4.5	2.0	0.0	0.0	0.0	0.0	0.0	0.0	0.0	0.5	1.0	0.5	0.5	0.5	0.5	1.0	0.5	1.0	23.0
BP247_226_RCT_M006_V2_1_R1_subset	0.0	0.5	1.0	1.0	1.0	1.0	1.0	2.0	3.0	6.5	9.0	16.5	23.0	27.5	42.5	71.0	104.0	139.5	186.0	268.0	389.0	513.5	672.5	855.5	1068.0	1320.0	1606.0	1902.0	2177.5	2480.0	2741.0	3009.0	3325.5	3552.5	3761.0	3862.0	3865.0	3987.0	4023.0	3996.5	3925.5	3670.0	3423.5	3185.5	2965.5	2805.5	2551.0	2328.5	2143.0	1955.0	1875.5	1720.0	1562.0	1500.0	1467.5	1422.5	1350.0	1285.5	1190.5	1092.0	996.5	900.0	851.0	807.5	684.0	548.5	473.5	414.0	326.0	250.5	193.5	149.5	119.0	85.5	66.5	50.5	31.5	18.5	16.0	13.0	5.0	6.5	6.0	3.5	4.0	2.0	0.0	0.5	1.5	1.5	0.5	0.0	0.0	0.0	0.0	0.0	0.0	0.0	0.0	0.5	0.5
BP247_226_RCT_M006_V2_1_R2_subset	1.0	1.0	1.0	0.5	1.0	1.5	2.5	7.0	6.0	6.0	10.5	16.5	20.0	32.0	48.5	68.0	101.0	147.0	205.5	273.0	370.0	499.0	654.0	837.5	1072.0	1335.0	1620.0	1893.0	2168.0	2464.5	2766.0	3030.5	3301.5	3565.5	3692.5	3778.5	3922.0	4003.0	3924.0	3885.0	3782.0	3543.5	3319.0	3051.5	2862.0	2739.0	2533.0	2321.5	2181.5	2060.0	1896.0	1793.5	1658.5	1541.0	1511.0	1424.5	1351.5	1284.0	1209.5	1139.5	1053.0	935.5	836.5	756.0	657.5	577.0	487.5	383.5	312.5	254.0	188.0	152.5	125.0	84.5	56.5	37.0	29.0	21.5	14.0	9.5	6.5	5.5	4.5	4.5	3.5	2.0	2.0	1.5	0.5	0.5	1.0	2.0	1.5	1.5	2.0	1.0	1.0	1.5	0.5	3.0	27.0
BP250_229_RCT_M013_T2_1_R1_subset	0.0	0.0	0.0	0.0	0.0	0.0	0.5	0.5	1.5	2.0	3.0	7.5	10.5	15.5	24.0	35.0	46.5	69.0	104.5	143.5	188.5	251.0	341.5	470.5	609.0	760.5	905.0	1100.0	1359.5	1553.5	1753.0	1949.0	2137.5	2376.0	2542.0	2674.5	2833.0	2950.5	3081.0	3283.5	3440.0	3544.5	3634.5	3610.5	3592.0	3575.5	3506.0	3470.0	3388.5	3307.0	3185.5	3006.5	2805.0	2594.0	2346.5	2130.5	1998.0	1810.5	1651.5	1472.5	1280.5	1141.0	1016.0	894.0	782.5	691.5	559.0	422.0	366.5	305.0	240.5	186.5	132.0	106.5	72.5	51.5	38.0	26.0	19.5	18.5	13.5	4.5	3.5	2.5	1.5	1.0	2.5	2.5	2.0	1.5	0.5	0.5	0.5	0.5	0.0	0.0	0.0	0.0	0.0	0.0	0.0
BP250_229_RCT_M013_T2_1_R2_subset	0.0	0.0	0.0	0.0	1.0	1.0	0.5	2.0	3.5	3.0	2.5	4.5	10.0	19.5	25.5	36.5	54.0	75.0	102.5	139.5	197.5	276.0	353.0	452.0	578.0	708.5	882.0	1111.0	1333.5	1545.5	1766.5	1963.5	2120.5	2280.0	2519.0	2750.0	2865.5	3044.0	3243.5	3297.5	3367.0	3448.5	3589.5	3619.5	3569.0	3565.0	3541.5	3540.0	3433.5	3323.5	3162.5	2947.0	2788.0	2613.0	2392.0	2161.0	1952.0	1757.0	1606.0	1461.0	1292.5	1135.0	1017.0	895.0	760.5	660.0	553.5	449.0	373.5	306.0	236.0	179.5	132.0	103.0	77.5	52.5	34.0	23.5	18.5	13.0	10.5	8.0	4.5	2.5	3.0	1.5	0.5	0.5	2.0	1.5	0.5	1.0	0.5	0.5	0.5	0.5	0.5	0.0	0.0	1.0	23.0
BP276_254_RCT_M062_T2_1_R1_subset	0.0	0.0	0.0	0.0	0.0	0.0	1.0	1.0	1.0	3.5	4.0	4.0	7.0	17.0	28.5	34.5	56.5	90.5	106.5	147.5	210.5	280.0	393.5	494.5	628.5	823.5	989.5	1186.5	1420.0	1638.5	1855.5	2081.0	2272.0	2399.0	2590.0	2768.0	2889.5	3017.5	3144.0	3215.0	3274.5	3311.5	3321.0	3373.5	3429.5	3471.0	3485.5	3510.5	3464.5	3336.5	3258.5	3132.0	2932.5	2727.5	2470.5	2278.0	2142.0	1914.0	1702.5	1529.5	1295.5	1108.0	945.0	793.0	693.0	605.5	513.0	419.5	312.5	227.0	170.0	125.0	95.5	70.5	54.5	43.5	31.0	20.0	18.5	14.0	8.5	7.0	3.5	2.0	2.5	1.0	1.0	3.0	2.0	0.0	0.0	0.0	0.0	0.0	0.0	0.5	0.5	0.5	0.5	0.0	0.0
BP276_254_RCT_M062_T2_1_R2_subset	0.0	0.0	0.0	1.0	1.5	0.5	1.5	2.5	2.5	2.5	4.0	9.0	13.0	19.0	29.0	45.5	59.0	83.5	102.5	142.0	222.0	276.5	375.0	498.5	652.5	848.0	1023.0	1222.0	1397.0	1613.0	1836.0	2040.0	2221.0	2377.0	2618.5	2833.0	2976.0	3126.5	3281.0	3367.5	3413.5	3461.5	3520.5	3558.0	3550.5	3492.0	3490.5	3578.0	3477.5	3319.0	3160.5	3030.0	2850.5	2584.0	2386.5	2150.5	1923.5	1705.5	1463.5	1307.0	1185.5	1033.0	903.5	771.5	674.0	563.5	441.0	353.0	309.0	250.0	168.5	132.5	107.0	79.5	59.0	40.5	28.5	25.0	19.0	11.0	8.5	5.5	4.0	3.0	3.5	2.5	1.0	1.5	1.0	0.0	0.0	0.0	0.0	1.0	1.0	0.5	1.0	1.5	1.5	1.5	31.5
BP277_255_RCT_M064_T2_1_R1_subset	0.0	0.0	0.0	0.0	0.0	0.0	0.5	2.5	3.5	4.5	7.0	16.0	27.0	33.5	56.0	84.5	109.0	144.5	191.5	308.5	445.5	579.0	732.0	904.5	1141.0	1367.5	1594.5	1835.0	2076.0	2314.0	2472.5	2608.5	2691.5	2790.0	2883.0	2837.0	2790.5	2737.0	2584.0	2443.0	2325.0	2197.0	2119.5	1981.0	1831.5	1784.5	1755.5	1640.5	1522.0	1449.5	1374.0	1315.0	1241.0	1198.5	1121.5	1020.5	965.5	867.0	748.0	667.0	581.5	513.0	441.5	367.5	306.0	247.5	221.5	179.0	137.0	97.0	75.0	70.5	60.0	45.5	31.0	20.5	15.5	11.5	10.0	11.0	8.0	3.0	3.0	4.0	3.0	3.0	2.5	1.0	0.0	0.0	0.0	0.0	0.0	0.0	0.0	0.0	0.0	0.0	0.0	0.0	0.0
BP277_255_RCT_M064_T2_1_R2_subset	0.0	0.0	0.0	0.5	1.0	1.0	2.0	3.0	4.0	10.0	15.0	19.0	26.0	31.0	45.5	80.0	122.0	166.0	227.5	320.0	432.0	576.5	740.0	889.5	1105.0	1359.5	1562.5	1757.0	1991.5	2277.5	2484.0	2627.0	2714.5	2815.0	2905.5	2848.5	2794.0	2783.0	2693.5	2478.0	2338.0	2237.0	2091.0	1964.0	1850.5	1722.0	1640.5	1590.5	1539.5	1458.5	1346.0	1316.5	1273.5	1188.0	1126.0	1028.5	922.5	837.5	738.0	659.0	583.0	489.0	414.5	366.0	317.0	262.5	203.5	158.0	122.5	100.5	84.5	65.5	53.0	43.5	39.5	28.0	14.5	14.5	14.0	11.0	8.5	5.0	3.0	2.5	1.5	1.5	1.0	1.0	1.5	0.5	0.0	0.5	0.5	0.5	1.0	0.5	0.0	1.0	1.0	1.5	20.0
BP285_263_RCT_M080_T2_1_R1_subset	2.0	1.5	1.5	1.0	1.5	2.0	0.5	1.5	3.5	4.0	6.5	10.5	12.0	23.5	35.5	48.5	67.5	101.0	142.5	210.5	306.5	405.5	518.0	673.5	879.0	1100.5	1320.0	1528.5	1771.5	2065.0	2311.0	2563.0	2778.0	2968.0	3174.0	3400.5	3644.5	3750.5	3805.0	3911.5	3942.0	3863.0	3842.0	3789.5	3671.5	3504.5	3354.5	3236.5	3072.5	2865.5	2619.0	2396.5	2171.5	1927.5	1712.0	1564.5	1418.5	1241.0	1115.5	992.5	829.5	679.0	554.5	466.5	385.5	333.5	284.0	222.5	169.5	116.5	92.5	83.5	61.0	41.0	35.0	25.5	19.5	20.5	16.0	11.5	10.0	6.5	4.0	4.0	3.5	2.5	1.5	0.5	1.5	1.0	0.0	0.0	0.5	1.0	1.0	0.5	0.0	0.0	0.0	0.0	0.0
BP285_263_RCT_M080_T2_1_R2_subset	1.0	0.5	0.0	0.5	1.5	1.0	2.0	3.5	4.5	7.5	8.0	12.0	18.0	24.0	40.0	57.0	73.0	105.5	155.5	211.0	306.0	413.5	508.5	660.5	890.0	1068.0	1276.5	1524.5	1778.0	2095.0	2286.5	2524.0	2830.5	3027.5	3204.0	3427.0	3602.0	3737.0	3882.5	3943.5	3921.5	3924.5	3933.5	3833.0	3653.5	3515.0	3338.5	3139.0	2984.0	2753.5	2564.5	2352.5	2107.0	1939.5	1733.5	1504.5	1343.5	1224.0	1108.0	966.5	804.0	654.0	538.0	456.5	375.0	311.0	261.0	210.0	161.5	127.5	109.5	84.5	65.5	56.0	40.0	26.0	18.5	15.0	13.5	10.5	10.5	8.0	6.0	6.0	4.0	3.5	2.0	1.5	2.0	1.5	2.0	2.5	1.0	1.5	1.5	1.0	1.0	0.0	1.0	2.5	27.5
BP288_266_RCT_M010_V3_1_R1_subset	0.0	0.0	0.0	0.0	0.0	0.5	1.0	0.5	0.0	1.5	5.0	6.0	12.5	25.5	33.5	52.0	67.5	92.0	140.0	190.0	245.0	318.5	434.0	562.0	707.5	866.5	1034.5	1225.0	1439.5	1645.0	1817.0	1938.0	2066.5	2240.5	2416.0	2565.5	2677.5	2753.5	2807.5	2866.5	2931.0	3013.0	3036.5	3121.5	3200.0	3136.0	3079.5	3036.5	2923.0	2750.0	2603.0	2503.0	2391.5	2286.5	2207.0	2053.0	1980.5	1939.5	1860.0	1829.5	1761.5	1638.5	1558.0	1485.5	1374.5	1276.0	1133.5	990.5	858.5	687.5	539.5	424.5	314.5	244.0	171.5	125.5	99.0	64.0	45.0	32.5	22.0	13.0	8.0	5.5	3.5	1.5	0.5	0.0	0.5	1.0	0.5	0.5	0.5	0.0	0.0	0.0	0.0	0.0	0.5	0.5	0.0
BP288_266_RCT_M010_V3_1_R2_subset	0.0	0.0	0.5	0.5	0.5	1.0	0.5	1.0	1.5	3.5	6.5	9.5	15.5	22.0	31.5	45.0	65.5	93.5	131.5	181.5	231.5	320.5	436.5	586.0	714.5	840.5	1033.5	1201.5	1402.5	1619.5	1805.5	1914.0	2063.0	2285.5	2454.5	2582.0	2613.0	2704.5	2819.0	2901.5	3009.5	3065.0	3112.5	3106.0	3155.0	3153.0	3054.0	3001.0	2907.5	2770.0	2644.0	2570.5	2441.0	2288.5	2163.5	2020.0	1932.0	1912.0	1853.0	1799.5	1754.5	1688.5	1614.0	1524.0	1410.0	1262.5	1121.5	981.0	801.5	640.5	526.0	398.0	304.0	247.0	186.0	127.0	86.0	60.0	37.5	23.0	21.0	17.0	10.0	4.5	1.0	1.5	3.0	2.0	0.0	0.5	1.0	0.5	0.5	1.0	0.5	0.0	1.0	1.0	1.0	3.5	21.0
BP293_271_RCT_M026_V3_1_R1_subset	0.0	0.0	0.0	0.0	0.0	0.0	0.5	0.5	1.5	2.0	1.5	2.5	3.5	7.5	16.5	19.5	27.0	43.0	65.0	94.0	122.5	166.5	224.5	299.0	401.5	521.0	627.0	738.0	902.5	1087.5	1212.5	1380.5	1573.0	1675.5	1841.0	2056.0	2214.0	2348.0	2531.5	2740.5	2861.0	2963.5	3112.0	3248.5	3226.0	3168.0	3253.0	3231.0	3096.5	2904.5	2717.0	2576.0	2404.0	2229.5	2036.5	1897.5	1761.5	1570.0	1405.5	1307.5	1216.0	1102.5	970.5	874.5	791.0	655.5	523.0	429.0	357.0	279.0	226.0	174.5	129.0	98.0	67.0	54.0	38.5	25.5	20.0	8.5	4.5	5.0	2.5	0.5	1.5	1.5	0.5	0.0	0.0	0.5	0.5	0.0	0.0	0.0	0.0	0.0	0.0	0.0	0.0	0.0	0.0
BP293_271_RCT_M026_V3_1_R2_subset	0.0	0.0	0.0	0.0	0.5	1.0	1.5	1.0	0.5	2.0	3.0	6.0	8.0	8.5	16.0	22.0	31.5	45.0	66.5	88.0	120.5	185.5	248.0	303.0	385.0	510.0	643.5	775.0	911.0	1055.0	1208.5	1396.5	1562.5	1726.0	1912.0	2037.5	2186.0	2364.5	2542.5	2689.0	2838.5	3024.0	3137.5	3216.0	3323.5	3297.5	3215.0	3129.5	3035.0	2914.5	2656.0	2503.5	2415.0	2234.5	2071.5	1891.5	1702.5	1560.0	1429.5	1282.0	1148.5	1037.5	908.0	822.5	745.5	648.0	556.0	452.0	370.5	288.0	216.0	164.5	114.0	88.0	72.0	52.0	35.0	22.5	12.0	9.5	6.0	3.0	3.0	1.5	0.0	0.5	0.5	0.5	0.5	0.0	0.0	0.0	0.0	0.0	0.5	0.5	0.0	1.5	2.5	1.0	18.5
BP294_272_RCT_M027_T3_1_R1_subset	0.0	0.0	0.0	0.0	0.0	0.0	1.0	2.0	3.5	7.5	12.0	19.0	27.0	41.0	59.5	93.5	125.5	168.0	226.0	294.5	411.0	573.0	740.0	908.5	1125.5	1360.0	1603.0	1849.5	2088.0	2382.0	2667.0	2861.5	3006.0	3187.5	3342.5	3340.0	3305.5	3280.0	3192.5	3081.5	2991.0	2884.0	2730.5	2596.5	2512.0	2444.0	2329.0	2205.5	2173.0	2125.0	2029.0	1918.0	1783.5	1676.0	1552.5	1401.0	1309.0	1204.0	1060.5	911.0	758.0	646.0	533.0	447.5	369.5	301.0	247.0	187.0	142.0	103.5	76.5	59.0	43.5	26.0	18.0	13.5	9.0	9.0	7.0	4.5	2.5	1.5	1.5	1.0	1.0	0.5	0.0	0.0	0.0	0.0	0.0	0.5	1.0	0.5	0.0	0.0	0.0	0.0	0.0	0.0	0.0
BP294_272_RCT_M027_T3_1_R2_subset	0.0	0.0	0.5	0.5	1.5	1.5	0.0	3.0	5.5	6.0	15.0	24.0	31.0	46.5	65.0	91.5	129.0	169.0	232.5	321.5	419.0	561.0	766.0	946.5	1099.0	1304.5	1546.0	1855.0	2130.5	2346.0	2585.5	2775.5	2998.5	3187.0	3276.0	3359.0	3371.5	3378.0	3343.0	3237.0	3091.5	2959.0	2874.0	2755.5	2634.0	2461.0	2345.5	2308.5	2174.0	2066.5	1970.0	1826.0	1739.5	1629.0	1483.0	1351.0	1182.5	1044.5	962.0	863.5	757.5	651.5	518.0	390.0	317.0	268.0	220.0	175.5	136.0	97.5	80.0	64.5	39.5	27.5	23.0	16.5	11.0	6.0	3.5	3.5	1.5	1.0	2.5	2.0	1.0	1.5	1.5	0.5	0.0	0.0	0.0	0.0	0.0	0.0	0.5	0.5	0.5	1.0	2.0	2.5	27.0
BP300_278_RCT_M041_V3_1_R1_subset	0.0	0.0	0.0	0.0	0.0	0.5	0.5	0.5	2.0	2.5	2.5	2.5	3.0	5.0	6.5	9.0	15.0	26.0	36.0	55.5	76.0	103.0	149.0	210.5	304.0	381.5	484.5	625.0	711.0	815.5	972.5	1092.5	1235.0	1420.0	1588.0	1771.5	1930.5	2057.0	2166.0	2222.0	2280.0	2282.0	2226.5	2139.5	2045.5	1958.0	1837.5	1748.0	1642.0	1530.5	1476.5	1388.5	1261.0	1173.5	1087.5	1001.5	927.5	866.0	803.0	707.5	608.0	500.5	413.0	346.0	288.0	250.0	207.0	173.0	144.0	118.5	91.0	67.5	61.5	48.0	33.0	31.0	31.0	25.5	16.0	11.0	7.5	6.5	7.0	5.0	1.5	1.0	3.0	3.0	2.0	1.5	0.5	0.5	0.5	0.0	0.0	0.5	0.5	0.5	0.5	0.0	0.0
BP300_278_RCT_M041_V3_1_R2_subset	0.0	0.0	0.0	0.0	0.0	0.0	0.5	0.5	0.5	1.0	1.0	2.5	3.0	7.5	8.5	7.0	17.5	29.0	41.5	56.5	81.0	116.5	166.0	218.0	293.0	389.0	476.0	589.5	701.5	842.5	987.5	1129.5	1289.5	1413.0	1604.0	1789.5	1918.0	2042.5	2115.0	2139.5	2180.0	2193.5	2096.0	2002.0	1981.5	1907.5	1788.5	1712.5	1682.5	1643.5	1510.0	1402.5	1296.5	1139.0	1048.5	996.5	948.5	885.5	790.5	705.0	603.0	490.0	426.0	364.5	278.5	238.0	216.5	177.0	138.5	116.5	100.5	75.0	65.0	55.0	42.0	34.5	22.5	20.0	19.5	19.0	17.0	7.0	6.0	5.5	4.5	5.0	3.5	3.5	3.0	1.0	0.0	0.0	0.0	0.0	0.0	1.0	1.0	0.5	0.5	2.0	11.5
BP309_287_REC_M050_T3_1_R1_subset	0.0	0.0	0.0	0.0	0.5	0.5	0.0	0.0	1.5	3.0	3.0	5.5	12.0	24.5	36.0	50.5	71.5	93.0	132.0	183.5	229.5	309.5	413.0	512.5	659.0	772.5	917.5	1144.0	1277.0	1418.5	1627.5	1805.5	1987.5	2180.0	2291.5	2441.0	2647.5	2768.0	2838.0	2983.0	3060.0	3058.0	3114.0	3181.0	3217.5	3244.0	3268.5	3200.5	3197.5	3220.5	3133.0	3066.0	2982.0	2869.0	2749.0	2567.0	2429.5	2342.5	2180.0	1967.0	1808.5	1572.0	1322.0	1190.5	1045.0	844.0	675.0	536.0	407.0	312.0	229.0	161.0	117.0	81.5	49.0	36.0	27.5	20.0	10.0	4.0	4.0	3.0	2.5	1.5	0.0	0.0	1.0	1.0	0.0	0.0	0.0	0.0	0.0	0.0	0.0	0.0	0.0	0.0	0.0	0.0	0.0
BP309_287_REC_M050_T3_1_R2_subset	0.0	0.0	0.0	0.0	0.0	0.0	0.0	1.0	3.5	5.0	5.0	8.0	12.0	15.5	27.5	49.5	66.0	95.0	134.0	171.0	223.5	298.5	420.5	514.5	609.5	792.5	957.5	1136.0	1309.5	1472.0	1635.0	1798.5	1968.0	2123.5	2341.5	2475.5	2583.0	2737.0	2806.0	2904.0	3008.5	3021.0	3069.5	3136.5	3167.0	3197.5	3173.0	3191.5	3221.0	3161.5	3127.5	3110.0	3052.5	2936.5	2750.5	2631.5	2545.0	2317.0	2107.0	1977.5	1791.5	1573.5	1387.5	1156.0	972.0	849.5	686.0	537.0	398.5	298.5	219.5	149.0	99.0	62.0	44.0	32.0	23.0	16.5	10.5	6.0	6.0	5.5	2.0	2.0	2.0	0.5	0.5	0.5	1.0	0.5	0.0	0.0	0.5	1.0	2.0	2.5	1.5	1.0	0.5	2.5	29.0
BP311_289_RCT_M054_T3_1_R1_subset	1.0	0.5	0.0	0.0	0.5	2.5	2.0	0.5	0.5	3.0	7.0	10.5	13.5	18.5	37.5	52.5	63.5	100.0	153.5	205.0	263.5	367.5	491.0	637.5	813.0	1029.5	1234.5	1448.0	1685.0	1918.5	2101.5	2297.5	2530.5	2658.0	2819.0	2883.5	2883.5	2967.0	3011.5	3020.5	3027.5	3052.0	3106.5	3129.0	3033.5	3024.0	3034.5	2984.5	2999.0	2882.0	2760.0	2745.5	2621.0	2485.0	2338.5	2168.0	2049.5	1928.0	1826.0	1650.5	1404.0	1241.0	1137.0	1043.0	917.5	774.0	673.5	581.0	475.5	362.0	276.0	221.5	169.0	120.0	90.0	59.5	40.0	28.5	15.0	10.5	7.5	6.0	5.0	3.5	3.5	2.5	1.0	1.0	2.5	1.5	0.0	0.5	0.5	0.0	0.0	0.0	0.0	0.5	0.5	0.0	0.0
BP311_289_RCT_M054_T3_1_R2_subset	0.0	0.0	0.0	0.5	3.0	4.0	3.0	2.0	3.0	6.5	8.0	10.5	17.5	24.0	29.5	51.0	79.0	102.5	141.0	184.5	251.5	362.5	492.0	638.5	793.5	989.0	1215.0	1432.0	1673.0	1913.5	2140.0	2365.5	2501.5	2629.5	2789.0	2892.0	2992.0	3109.5	3161.5	3139.0	3155.0	3130.0	3139.5	3151.0	3098.0	3063.5	2985.5	2932.0	2957.5	2941.0	2840.0	2711.5	2553.0	2386.5	2248.0	2111.0	1949.5	1768.5	1622.5	1546.5	1412.5	1256.5	1108.5	984.5	881.0	770.0	670.5	542.0	440.0	357.0	278.5	222.0	166.0	117.5	80.5	60.0	50.5	35.5	18.5	9.5	7.5	5.5	5.5	3.5	2.5	2.0	0.0	2.5	4.0	2.0	1.0	0.5	0.0	0.0	0.5	0.5	0.0	0.0	0.5	1.5	30.5
BP317_294_RCT_M059_T3_1_R1_subset	0.0	0.0	0.0	0.0	0.0	0.5	1.0	2.0	2.0	2.5	5.5	8.5	12.0	19.5	46.5	72.5	86.0	115.0	160.5	217.5	296.5	404.0	519.0	649.0	781.0	930.0	1159.5	1327.5	1508.0	1738.5	1898.0	2083.5	2292.0	2409.0	2553.0	2674.0	2709.5	2786.5	2852.5	2872.0	2894.5	2942.0	2884.0	2822.0	2835.0	2807.5	2827.0	2855.5	2807.0	2774.5	2751.5	2779.5	2765.5	2686.0	2604.0	2536.0	2494.5	2378.0	2226.0	2099.0	1935.0	1706.5	1477.0	1265.0	1075.5	922.5	766.5	591.5	434.5	324.0	237.5	170.5	124.0	84.0	64.5	51.5	38.5	23.0	16.0	19.5	11.5	7.0	6.0	4.5	4.5	2.5	2.0	1.0	0.5	0.0	0.0	0.5	0.5	0.0	0.0	0.0	0.0	0.0	0.0	0.0	0.0
BP317_294_RCT_M059_T3_1_R2_subset	0.0	0.0	0.0	0.5	1.0	0.5	0.5	2.5	4.5	7.5	9.5	12.0	21.5	30.0	37.5	59.5	88.0	111.0	165.0	222.0	280.0	398.5	508.5	611.5	766.5	937.5	1113.5	1289.0	1466.0	1739.5	1934.5	2080.5	2278.5	2448.0	2522.0	2588.5	2720.0	2767.5	2809.5	2828.0	2825.0	2887.5	2912.0	2856.0	2827.5	2805.5	2784.0	2791.5	2828.0	2799.5	2799.5	2799.5	2718.5	2758.0	2706.0	2573.0	2482.0	2339.0	2214.5	2022.0	1870.0	1740.0	1548.5	1343.0	1102.5	881.5	709.5	567.0	435.5	330.0	227.0	162.0	127.5	89.0	63.5	44.5	30.0	27.5	21.0	14.5	12.0	8.5	4.5	3.0	1.5	2.5	2.0	0.5	0.5	0.0	0.0	0.0	0.0	0.5	1.0	0.5	0.5	0.5	0.0	0.5	19.5
BP319_296_RCT_M061_T3_1_R1_subset	0.0	0.0	0.0	0.5	0.5	0.5	1.5	1.5	3.0	6.5	8.0	11.0	18.5	34.5	50.0	66.0	90.5	142.0	200.5	257.0	353.5	477.5	605.5	792.5	1020.0	1226.5	1471.5	1777.5	2115.5	2394.5	2645.0	2913.5	3211.5	3441.0	3628.0	3792.0	3921.0	4037.0	4073.5	4065.0	4005.0	3871.5	3679.5	3510.5	3390.5	3206.5	2870.5	2635.0	2434.0	2163.5	1967.5	1865.5	1741.5	1484.5	1333.5	1252.0	1109.5	1052.5	1011.0	906.0	812.5	743.5	673.0	607.5	545.5	475.5	418.0	367.0	300.5	229.5	169.5	133.5	104.0	72.5	52.0	35.5	22.5	18.0	14.5	10.5	7.0	4.0	3.0	2.0	2.5	2.0	1.5	1.0	0.0	0.0	0.0	0.5	0.5	0.0	0.0	0.0	0.0	0.0	0.0	0.0	0.0
BP319_296_RCT_M061_T3_1_R2_subset	0.0	0.0	0.0	0.0	1.5	1.5	1.0	2.0	2.0	7.5	9.5	12.5	25.0	34.0	39.0	60.5	93.0	125.5	187.0	262.5	341.5	483.5	655.0	816.0	1005.5	1255.0	1512.5	1747.0	2004.5	2350.0	2683.5	2972.5	3206.0	3400.5	3593.0	3730.5	3903.0	4038.0	4062.5	4076.5	3987.0	3809.5	3702.5	3575.5	3349.5	3129.0	2895.5	2635.0	2403.5	2184.5	1962.0	1813.5	1689.5	1526.5	1401.5	1294.5	1159.0	1014.5	972.5	918.5	795.5	694.5	645.0	635.5	567.5	486.0	435.0	356.0	274.5	210.5	175.5	137.5	102.5	79.5	60.0	43.0	25.0	17.0	12.5	9.0	9.5	6.0	3.0	2.5	2.0	2.5	1.5	1.0	1.5	1.0	0.0	0.0	0.5	0.5	0.5	1.0	1.5	3.5	4.5	4.0	35.0
BP320_297_RECT_M062_T3_1_R1_subset	0.0	0.0	0.0	0.0	0.0	0.0	0.0	0.0	0.0	0.5	1.0	2.5	6.0	11.5	18.0	22.5	25.0	42.5	63.0	80.5	126.0	174.5	216.0	282.5	376.0	501.5	619.5	767.5	927.0	1103.5	1247.5	1406.5	1609.5	1752.5	1881.0	2064.0	2233.0	2281.5	2442.5	2688.5	2837.5	2960.0	3115.0	3283.0	3421.5	3485.0	3608.5	3679.5	3634.0	3651.0	3629.5	3499.0	3327.0	3189.0	2975.5	2738.5	2553.0	2361.0	2188.5	2005.0	1840.5	1683.5	1555.0	1444.5	1272.5	1046.5	884.0	791.0	666.5	534.5	415.0	305.5	214.0	152.0	101.5	70.5	50.0	36.5	30.5	16.5	9.5	6.5	2.5	3.5	3.5	2.0	1.0	1.5	1.0	0.0	0.0	0.0	0.5	0.5	0.0	0.0	0.0	0.0	0.0	0.0	0.0
BP320_297_RECT_M062_T3_1_R2_subset	0.0	0.0	0.0	1.0	1.0	0.5	1.0	2.0	3.0	4.0	6.5	8.0	8.0	12.5	16.5	22.0	31.5	45.5	64.0	89.0	124.5	160.5	220.5	314.0	409.5	517.5	670.0	787.0	880.0	1050.5	1228.5	1380.0	1528.5	1718.5	1921.0	2054.0	2156.0	2291.5	2462.5	2645.0	2812.0	2937.5	3082.0	3202.0	3334.5	3490.5	3600.5	3632.5	3648.0	3712.0	3662.0	3536.0	3418.5	3221.5	2962.0	2761.5	2607.5	2364.0	2120.5	1960.5	1823.0	1693.5	1545.0	1408.5	1256.5	1060.0	933.0	791.5	645.5	526.0	384.0	304.0	217.0	135.0	95.5	71.5	50.5	33.0	27.0	18.0	7.0	4.0	4.0	2.5	0.5	0.5	1.5	1.5	1.0	2.0	2.0	0.5	1.0	2.0	1.0	0.0	0.5	1.0	1.0	1.5	23.5
BP323_300_RCT_M068_T3_1_R1_subset	0.0	0.0	0.0	0.0	0.0	0.0	0.0	0.5	1.5	5.0	7.0	7.5	14.0	23.0	35.5	60.0	89.5	128.0	186.0	254.0	315.0	421.0	552.0	637.0	765.0	972.5	1160.0	1308.5	1528.5	1726.0	1918.0	2125.0	2257.0	2404.0	2599.0	2716.0	2835.0	2924.5	2876.5	3001.5	3108.5	3128.5	3222.0	3241.5	3168.5	3159.0	3211.0	3210.5	3223.5	3155.0	3027.5	3060.0	3064.0	2928.0	2825.0	2654.5	2394.5	2232.5	2039.0	1740.5	1497.0	1273.5	1018.5	786.5	600.5	455.5	358.5	265.0	194.0	138.0	84.0	51.0	37.5	32.5	19.0	10.0	10.5	8.0	3.5	3.0	2.0	1.0	0.5	0.5	0.5	0.5	0.0	0.0	0.5	0.5	0.0	0.0	0.0	0.0	0.0	0.0	0.0	0.0	0.0	0.0	0.0
BP323_300_RCT_M068_T3_1_R2_subset	0.0	0.0	0.5	0.5	0.5	3.5	3.0	2.5	5.0	5.5	8.0	14.0	19.5	27.0	39.0	56.5	80.5	124.0	184.0	233.5	293.5	400.0	520.0	647.5	774.5	953.5	1172.0	1342.0	1518.5	1723.0	1866.0	2045.0	2287.0	2454.0	2611.0	2777.0	2893.0	2944.0	3037.0	3106.0	3122.5	3143.5	3166.0	3177.0	3154.0	3183.5	3225.5	3203.0	3181.5	3155.0	3101.0	3052.5	2970.0	2842.0	2732.5	2580.0	2379.0	2213.5	1978.0	1698.5	1442.5	1188.5	941.0	735.5	567.5	453.5	355.0	252.0	182.0	129.5	89.5	57.5	37.5	26.5	22.0	12.0	7.0	7.0	7.0	5.0	1.5	0.5	0.0	1.5	1.5	0.0	0.5	1.0	1.5	1.0	0.0	0.5	0.5	0.5	0.5	0.5	0.5	1.0	1.0	1.0	19.0
BP324_301_RCT_M071_T3_1_R1_subset	0.0	0.0	0.0	0.5	0.5	0.0	0.0	0.5	3.0	3.5	6.0	13.0	15.0	26.0	42.0	59.5	79.5	126.0	195.5	249.5	304.0	399.5	495.5	597.5	746.5	901.0	1064.5	1245.5	1408.5	1564.0	1733.5	1901.0	2061.5	2203.5	2332.0	2437.5	2475.0	2606.0	2688.5	2724.0	2874.5	2994.5	3049.0	3052.0	3121.0	3204.0	3260.0	3292.5	3262.0	3144.5	3084.0	3027.0	2846.5	2736.0	2638.0	2526.5	2363.5	2174.0	2039.0	1842.5	1690.0	1547.5	1331.0	1154.0	1036.5	909.0	736.5	603.5	513.5	401.0	295.5	237.0	183.5	122.0	85.5	58.0	37.0	22.0	14.5	8.5	5.0	5.5	3.0	0.5	1.0	1.0	1.0	1.0	0.0	0.0	0.0	0.0	0.0	0.5	0.5	0.0	0.0	0.0	0.0	0.0	0.0
BP324_301_RCT_M071_T3_1_R2_subset	0.0	0.0	0.0	0.5	1.0	1.5	1.5	2.0	4.0	5.0	8.0	13.5	21.0	33.0	45.5	61.5	85.5	117.0	166.0	229.0	295.5	362.0	467.0	622.0	757.0	880.5	1037.0	1194.0	1412.0	1632.0	1751.5	1890.0	2084.5	2215.0	2274.5	2408.0	2499.0	2584.5	2692.0	2748.5	2859.0	2921.5	2967.0	3032.0	3111.5	3230.5	3269.5	3283.0	3254.0	3199.5	3168.0	3035.5	2891.5	2806.5	2652.5	2484.0	2310.0	2147.0	2018.5	1829.0	1679.0	1553.5	1344.0	1124.0	965.0	838.5	731.0	631.5	514.5	397.5	303.5	224.0	171.0	119.0	83.0	64.0	47.0	33.5	16.5	9.5	5.5	3.0	2.5	1.5	1.0	0.5	1.0	0.5	0.5	1.0	1.5	1.5	0.5	0.0	0.0	1.5	2.0	1.0	1.5	3.0	25.5
BP341_318_RECT_M028_PP_1_R1_subset	0.0	0.0	0.0	0.0	0.5	1.0	0.5	1.0	2.0	2.5	6.0	7.0	11.5	24.0	46.0	73.0	105.0	155.5	218.5	288.0	384.5	532.5	687.5	860.5	1088.5	1335.5	1589.5	1911.0	2237.0	2519.5	2826.0	3044.5	3170.0	3314.5	3442.5	3567.0	3575.0	3590.0	3584.0	3491.5	3404.5	3259.5	3265.0	3293.0	3182.0	3009.5	2841.0	2713.0	2598.5	2515.5	2337.0	2131.0	2014.0	1869.5	1714.0	1614.5	1460.0	1267.0	1154.5	1043.0	907.5	787.0	692.0	602.0	515.0	421.0	349.5	309.0	263.5	229.5	191.0	147.0	126.0	107.5	79.5	65.0	61.0	42.5	28.0	26.5	22.5	13.0	8.5	7.0	2.5	1.5	1.0	0.0	0.5	0.5	0.0	0.0	0.0	0.0	1.0	1.0	0.5	0.5	0.0	0.0	0.0
BP341_318_RECT_M028_PP_1_R2_subset	1.0	0.5	0.0	0.0	0.5	0.5	0.5	1.0	2.5	6.5	7.5	12.0	19.0	27.0	37.5	64.5	103.0	126.5	185.0	291.5	410.0	534.5	694.0	888.5	1089.0	1308.5	1605.5	1871.5	2185.5	2494.5	2733.5	3000.0	3210.0	3388.0	3477.0	3484.5	3554.0	3642.5	3608.0	3522.0	3503.0	3429.5	3346.5	3264.0	3111.0	2946.0	2821.5	2755.0	2631.0	2487.0	2327.0	2129.0	2000.5	1845.0	1652.5	1547.0	1401.0	1242.5	1116.0	979.0	853.0	770.0	666.0	553.5	495.5	425.0	344.0	308.0	277.5	213.5	165.0	146.5	127.5	100.0	84.0	66.5	49.0	43.5	38.0	29.5	19.5	12.0	9.0	6.0	3.5	2.5	2.0	1.5	1.0	1.0	0.5	1.0	1.0	1.5	1.5	0.0	0.5	0.5	1.0	3.5	28.5
BP350_327_RCT_M048_PP_1_R1_subset	2.0	1.0	1.0	3.0	2.5	1.0	1.0	1.0	1.5	4.0	4.5	6.0	11.0	19.5	26.5	34.5	52.5	80.5	114.5	161.0	225.0	318.5	442.5	589.0	752.0	926.0	1101.5	1320.5	1555.5	1789.0	1941.5	2110.0	2339.0	2547.0	2728.0	2777.0	2832.0	2912.0	2988.0	3020.0	2935.0	2838.5	2749.0	2652.0	2531.0	2314.5	2194.0	2148.5	1993.0	1918.0	1874.0	1719.5	1576.5	1491.0	1392.0	1322.0	1238.5	1078.0	988.0	928.0	826.5	703.0	583.5	506.5	444.5	367.5	307.0	260.0	204.0	151.5	121.5	114.0	89.5	67.5	52.0	34.5	28.0	25.0	21.5	21.5	19.0	11.5	9.0	7.5	2.5	4.0	7.0	4.0	2.0	2.0	1.5	0.5	0.0	0.0	0.5	0.5	0.0	0.0	0.0	0.0	0.0
BP350_327_RCT_M048_PP_1_R2_subset	2.0	1.0	0.0	0.5	0.5	0.5	3.0	3.5	3.5	7.0	13.0	15.0	13.5	18.5	29.5	39.0	53.0	78.5	115.5	157.5	213.5	305.0	446.5	579.5	705.0	892.0	1062.0	1309.5	1593.5	1779.5	1902.5	2138.5	2382.0	2522.0	2643.0	2750.0	2909.5	3058.0	3061.5	2988.5	2976.0	2918.0	2807.5	2629.0	2482.5	2401.5	2251.0	2093.0	2016.0	1927.0	1761.5	1629.5	1549.5	1411.5	1321.0	1252.0	1121.5	1045.0	986.0	886.5	757.5	670.0	603.5	521.5	433.5	359.0	309.0	253.5	213.0	162.0	113.5	99.5	85.5	56.5	49.0	47.5	33.5	28.5	23.5	20.0	14.0	12.5	13.0	10.0	6.0	2.5	3.5	4.0	3.5	3.0	1.0	1.0	1.5	1.0	0.5	0.0	1.0	1.5	1.0	1.0	21.0
BP358_335_RCT_M058_PP_1_R1_subset	0.0	0.0	0.0	0.0	0.0	0.0	0.0	1.0	2.0	3.0	3.5	2.5	7.0	13.0	17.5	24.5	41.5	58.0	75.5	103.0	129.5	173.0	233.0	307.0	396.0	479.0	598.0	715.0	779.0	878.0	1013.0	1104.5	1137.5	1185.0	1280.5	1343.0	1360.0	1435.5	1471.5	1403.5	1388.0	1392.5	1383.0	1387.5	1351.5	1289.0	1305.0	1344.5	1343.0	1272.5	1227.5	1200.5	1128.0	1073.5	1021.0	955.0	870.5	763.0	672.5	628.5	541.5	455.0	373.0	304.5	256.5	208.5	164.0	119.0	96.0	84.5	72.0	56.5	36.5	24.0	19.5	14.0	15.0	13.0	10.0	6.5	2.5	2.0	2.0	1.5	1.0	0.5	0.5	0.5	0.0	0.0	0.0	0.0	0.0	0.0	0.0	0.0	0.0	0.0	0.0	0.0	0.0
BP358_335_RCT_M058_PP_1_R2_subset	0.0	0.0	0.0	0.5	0.5	1.5	2.0	1.0	1.0	1.0	3.5	6.5	9.0	11.0	17.5	26.5	36.0	54.5	74.5	103.0	133.0	184.0	247.0	312.5	396.5	478.5	584.5	696.5	832.0	913.0	950.5	1060.0	1165.0	1216.0	1275.0	1302.0	1325.0	1367.0	1380.5	1433.0	1425.0	1423.0	1422.0	1394.5	1379.5	1354.0	1317.0	1255.0	1270.5	1277.0	1196.0	1136.0	1144.0	1139.0	1032.5	916.5	865.5	779.5	686.5	613.5	518.5	449.0	389.0	309.0	250.0	209.0	161.5	124.5	106.0	86.0	64.5	52.0	37.5	27.0	22.5	19.5	17.0	10.0	6.0	5.0	4.5	2.5	1.5	2.0	1.5	0.0	0.0	1.0	1.5	1.0	0.5	0.0	0.0	0.0	0.0	0.5	0.5	0.0	0.5	1.0	13.5
BP359_336_RCT_M059_PP_1_R1_subset	0.0	0.0	0.0	0.0	0.0	0.0	0.0	0.0	0.0	1.5	4.0	7.0	11.0	13.0	17.5	31.0	42.5	61.5	99.0	142.5	189.0	247.0	328.0	444.0	547.5	641.0	788.5	953.0	1077.0	1247.5	1405.0	1467.5	1566.5	1682.5	1798.0	1901.0	1908.5	1896.5	1900.0	1898.0	1914.0	1926.0	1920.0	1884.5	1826.0	1798.5	1791.5	1732.0	1650.0	1558.5	1473.5	1386.0	1257.0	1160.5	1092.0	995.0	883.0	808.0	715.0	610.5	541.5	464.5	377.5	319.0	286.0	228.5	183.0	142.5	98.0	71.5	59.5	48.5	33.0	25.5	19.0	13.0	8.0	5.0	4.0	3.0	2.0	0.5	1.0	2.0	1.0	0.5	0.5	0.0	0.0	0.0	0.5	0.5	0.0	0.5	0.5	0.0	0.0	0.0	0.0	0.0	0.0
BP359_336_RCT_M059_PP_1_R2_subset	0.0	0.0	0.0	0.5	1.0	1.0	1.5	1.0	1.5	4.0	5.0	8.5	14.5	17.5	24.0	31.0	47.5	72.0	94.0	126.0	174.0	269.0	355.0	422.5	539.5	658.5	789.0	922.0	1069.5	1223.5	1341.0	1448.5	1588.5	1735.0	1793.0	1771.5	1843.5	1929.5	1935.0	1971.5	1977.0	1964.5	1919.0	1876.5	1830.5	1759.0	1759.5	1724.0	1616.0	1556.5	1469.5	1360.5	1321.5	1229.0	1102.0	1015.0	911.5	784.5	696.0	622.0	533.0	447.0	369.0	323.0	277.0	211.5	160.5	130.5	113.0	87.0	58.0	46.0	32.5	21.0	14.5	12.0	10.5	6.0	2.0	1.5	2.0	2.5	1.0	0.5	1.0	1.0	1.5	1.0	1.0	1.5	1.0	0.5	0.0	0.0	0.5	1.0	0.5	0.5	0.5	1.0	16.0
BP361_338_RCT_M061_PP_1_R1_subset	1.0	0.5	0.0	0.0	0.0	0.5	1.5	1.5	4.5	5.5	5.5	13.0	24.0	34.0	58.0	90.0	110.0	150.5	201.5	256.5	360.5	467.0	555.0	665.5	840.5	1015.0	1153.5	1321.0	1476.0	1623.5	1785.0	1865.0	1939.0	2078.5	2133.0	2198.0	2333.0	2362.0	2301.5	2306.5	2299.0	2308.5	2262.5	2122.5	2025.5	1922.0	1848.0	1754.0	1587.0	1446.5	1327.0	1216.0	1161.0	1092.0	984.0	897.0	840.0	783.5	688.0	607.0	545.0	453.0	389.5	321.0	259.5	209.5	166.5	131.0	89.5	62.5	49.5	42.0	26.5	16.0	12.5	10.5	7.5	4.5	4.5	5.0	4.5	2.5	1.5	0.5	0.5	1.5	1.5	1.0	0.5	0.0	0.0	0.0	0.0	0.0	0.0	0.0	0.0	0.0	0.0	0.0	0.0
BP361_338_RCT_M061_PP_1_R2_subset	0.0	0.0	0.0	0.5	1.0	1.5	3.0	4.5	5.5	8.5	15.5	17.0	23.5	36.5	49.0	74.0	105.0	138.0	188.0	249.5	344.5	437.0	558.5	730.5	843.0	950.5	1111.0	1312.5	1503.5	1657.0	1742.0	1904.0	2050.5	2055.5	2149.5	2234.0	2306.0	2360.0	2346.0	2306.0	2234.0	2232.5	2214.5	2143.5	2041.0	1909.5	1797.0	1699.0	1563.5	1467.0	1357.5	1230.5	1158.5	1079.0	1003.5	926.0	861.0	790.5	725.0	635.5	534.0	452.0	375.0	306.0	248.0	194.5	155.0	113.0	84.5	70.5	50.5	38.5	31.5	25.5	16.0	8.0	6.0	4.0	3.0	3.5	4.0	3.5	1.5	1.5	1.0	0.0	0.5	0.5	1.0	2.0	1.0	0.0	0.0	0.5	0.5	0.0	0.5	1.0	1.0	1.0	20.5
BP365_342_RCT_M068_PP_1_R1_subset	0.0	0.0	0.0	0.0	0.0	0.0	0.5	0.5	2.0	5.5	7.5	14.5	25.0	34.5	54.0	89.0	136.5	183.0	236.0	330.0	459.0	578.5	715.0	908.5	1092.0	1302.0	1527.5	1761.0	2005.5	2193.5	2340.0	2504.5	2684.0	2785.0	2913.0	2975.5	2965.5	2988.5	3040.0	3099.5	3113.5	3049.5	2999.0	3030.0	3026.0	3012.5	2980.5	2972.0	2965.5	3001.0	3067.0	2976.0	2843.5	2679.5	2498.5	2365.0	2151.0	1882.0	1637.0	1380.5	1110.5	888.5	716.0	545.5	423.5	324.0	211.0	155.0	112.0	73.5	57.0	49.0	29.5	11.0	8.0	6.5	4.0	2.0	1.0	0.5	0.0	0.0	0.5	0.5	0.0	0.0	0.0	0.0	0.0	0.0	0.0	0.0	0.0	0.5	0.5	0.0	0.0	0.0	0.0	0.0	0.0
BP365_342_RCT_M068_PP_1_R2_subset	0.0	0.0	0.0	0.5	1.0	1.0	2.0	2.0	2.0	5.0	10.5	13.5	22.5	41.5	57.5	80.0	125.5	190.0	254.0	346.0	447.0	570.0	725.0	889.0	1112.5	1277.0	1434.0	1696.0	1976.5	2226.0	2395.0	2539.0	2703.0	2795.0	2839.0	2895.0	2909.0	2954.0	3016.5	2992.0	2998.0	3012.0	2998.5	2974.0	2993.0	2991.5	3008.5	3086.0	3069.5	3060.5	3049.0	2957.0	2808.0	2708.0	2572.5	2362.0	2154.5	1918.0	1618.0	1342.0	1138.0	906.5	714.0	552.0	407.0	307.0	212.0	151.5	102.5	74.5	64.0	38.0	22.0	13.5	8.0	4.5	2.5	1.5	3.0	2.5	0.0	0.0	0.5	1.0	0.5	0.5	0.5	0.0	0.0	0.0	0.5	0.5	0.5	0.5	0.0	0.0	0.0	0.0	0.5	1.5	22.0
BP367_344_RCT_M072_PP_1_R1_subset	0.0	0.0	0.0	0.0	0.0	0.0	0.0	0.0	0.5	1.5	2.5	8.5	13.5	18.5	31.0	46.5	69.0	103.5	148.5	194.5	280.0	411.0	534.0	658.5	833.0	1024.0	1219.5	1439.5	1719.5	1942.5	2129.5	2388.0	2583.5	2735.5	2858.0	3001.0	3086.0	3161.0	3266.5	3290.0	3299.5	3318.5	3258.5	3172.5	3141.5	3104.0	2974.0	2859.5	2858.5	2805.5	2730.5	2678.0	2594.5	2479.0	2353.5	2205.5	2027.0	1881.5	1663.5	1515.0	1439.5	1255.5	1076.0	912.0	787.5	660.0	522.5	411.0	334.0	258.5	174.0	128.0	86.5	55.0	44.5	28.0	16.0	11.0	9.0	5.0	4.0	2.5	4.5	5.0	2.0	1.0	0.0	0.0	0.0	0.5	0.5	0.0	0.0	0.0	0.0	0.0	0.0	0.0	0.0	0.0	0.0
BP367_344_RCT_M072_PP_1_R2_subset	0.0	0.0	0.0	0.0	0.0	0.0	1.0	3.0	5.0	6.0	4.0	5.0	15.0	26.0	36.0	47.5	75.5	117.0	151.0	194.5	264.0	379.5	506.0	627.0	801.0	988.5	1212.0	1413.5	1669.0	1949.0	2156.0	2400.0	2587.0	2679.0	2803.0	3030.0	3179.5	3198.0	3244.5	3242.5	3188.5	3200.5	3171.5	3082.0	3033.5	3052.5	2996.0	2907.0	2901.0	2828.5	2758.0	2653.5	2630.5	2573.0	2373.0	2215.0	2057.0	1952.5	1804.5	1585.5	1389.0	1205.5	1040.5	901.0	769.5	634.0	497.0	404.0	311.5	236.5	180.0	118.5	76.0	60.0	44.5	24.5	15.5	10.5	8.5	6.5	6.0	5.0	3.0	3.0	2.0	1.5	1.0	1.0	0.5	0.5	1.0	1.0	0.5	0.5	0.5	0.5	0.5	1.0	2.0	5.0	28.0
BP368_345_RCT_M073_PP_1_R1_subset	0.0	0.0	0.5	0.5	0.0	0.0	0.0	0.0	0.0	0.5	0.5	1.0	2.0	4.0	5.5	4.5	6.5	10.5	16.5	35.0	55.0	76.0	110.0	135.0	175.0	212.0	258.5	316.5	360.0	445.5	538.0	600.5	648.5	691.5	797.0	878.0	889.5	990.0	1078.5	1127.5	1177.0	1228.5	1279.5	1292.5	1328.0	1327.5	1255.5	1200.5	1187.0	1119.5	1027.0	974.5	913.5	875.0	860.5	813.0	747.0	703.5	678.5	661.0	610.0	556.0	530.0	464.0	403.5	368.0	327.5	281.5	225.0	178.0	137.0	101.5	81.5	57.5	38.5	28.5	19.0	15.5	9.5	4.5	5.0	2.5	0.5	1.5	2.5	2.5	1.5	2.0	2.0	0.5	0.0	0.0	0.0	0.0	0.5	0.5	0.0	0.0	0.0	0.0	0.0
BP368_345_RCT_M073_PP_1_R2_subset	0.0	0.0	0.0	0.0	0.0	0.5	1.0	1.5	2.5	2.5	2.0	2.0	3.0	4.5	5.5	7.0	11.0	18.0	26.0	39.0	57.0	78.5	98.0	131.0	171.5	197.0	245.0	304.5	371.0	458.5	528.0	573.0	638.0	727.5	803.0	866.5	930.5	1024.5	1061.0	1096.5	1172.5	1216.5	1296.5	1349.0	1337.5	1277.0	1234.0	1211.0	1139.0	1099.0	1080.5	988.0	892.0	868.0	828.5	759.5	713.0	699.0	649.0	618.5	640.5	583.5	513.5	474.5	414.5	365.0	329.5	270.5	225.5	186.0	138.0	108.5	84.0	66.5	51.0	35.0	24.5	16.5	10.5	5.5	3.5	5.5	5.0	2.0	1.0	0.5	0.5	1.0	0.5	0.0	0.0	0.5	0.5	0.5	0.5	0.0	0.5	0.5	0.0	0.5	9.0
BP371_348_RCT_M076_PP_1_R1_subset	0.0	0.0	0.0	0.0	0.0	0.0	0.0	0.0	0.0	1.0	2.0	1.0	2.0	7.5	10.5	12.5	20.5	32.0	48.5	66.5	98.5	144.5	197.5	241.0	320.5	413.5	510.5	654.5	817.0	981.0	1131.0	1303.0	1505.5	1719.5	1930.0	2162.5	2443.0	2705.0	2973.0	3237.0	3472.5	3643.0	3802.5	4054.0	4126.5	4090.5	4067.0	3946.5	3822.5	3637.5	3421.0	3170.0	2926.0	2667.0	2401.0	2275.5	2123.0	1947.5	1804.5	1671.5	1575.0	1464.5	1350.0	1231.0	1086.0	978.0	872.0	720.5	564.0	451.5	363.0	279.0	203.0	139.0	97.0	67.5	48.0	27.0	17.0	14.0	9.0	5.0	3.5	3.0	1.5	0.5	0.5	0.5	0.0	0.0	0.5	1.0	0.5	0.0	0.0	0.0	0.0	0.0	0.0	0.0	0.0
BP371_348_RCT_M076_PP_1_R2_subset	0.0	0.0	0.5	0.5	0.0	0.5	1.0	1.5	3.0	3.0	3.0	5.0	5.5	8.0	13.0	17.0	21.5	29.5	44.5	66.0	97.5	148.0	188.0	232.0	318.0	391.5	497.0	678.0	827.5	962.5	1140.0	1333.0	1521.0	1730.0	1910.5	2153.5	2490.5	2737.0	2976.5	3218.0	3390.0	3633.5	3819.0	3983.0	4089.5	4074.0	4047.0	3924.0	3803.5	3661.0	3383.0	3139.5	2968.5	2721.0	2447.5	2276.5	2098.0	1888.0	1806.5	1717.5	1563.5	1419.5	1309.0	1172.5	1073.5	979.5	802.0	681.0	602.0	456.5	337.5	273.5	191.5	125.0	99.5	75.0	41.0	32.5	24.0	12.0	7.5	2.5	1.5	2.0	1.5	1.0	0.0	0.5	1.0	0.5	0.5	1.0	0.5	0.0	0.5	1.5	1.0	1.0	1.5	2.5	30.0
BP376_353_RCT_M013_SV1_1_R1_subset	0.0	0.0	0.0	1.5	3.0	2.5	1.5	0.5	2.0	4.0	5.0	9.0	14.5	25.0	33.0	42.5	65.5	95.5	140.5	204.0	270.0	342.5	465.5	638.5	828.5	1020.0	1240.5	1487.5	1757.5	1988.5	2225.0	2505.5	2748.5	2922.0	3060.0	3262.0	3417.5	3496.0	3597.0	3701.5	3746.0	3736.5	3614.0	3453.0	3383.0	3294.0	3192.0	3094.0	2995.0	2863.0	2670.5	2492.0	2357.0	2203.5	2013.5	1864.0	1669.5	1484.0	1364.5	1203.5	1024.5	861.0	735.5	641.0	533.5	456.0	401.0	310.0	229.0	184.5	154.0	129.5	94.0	62.0	49.0	38.5	27.0	18.5	15.5	14.0	12.0	6.5	5.0	3.5	2.5	1.5	1.5	1.5	1.0	2.0	1.0	0.0	0.0	0.5	0.5	0.0	0.0	0.0	0.0	0.5	0.5
BP376_353_RCT_M013_SV1_1_R2_subset	0.0	0.0	1.0	2.5	2.5	2.5	3.0	3.5	5.0	6.0	5.5	9.0	16.0	26.0	35.0	41.0	69.5	102.5	121.5	173.5	250.0	345.5	481.5	621.5	790.0	999.0	1220.5	1474.5	1740.0	2012.0	2275.0	2513.0	2739.5	2880.5	3068.0	3289.5	3386.5	3436.0	3437.0	3550.5	3699.5	3635.0	3546.0	3474.5	3376.5	3321.0	3247.0	3092.5	2915.0	2878.5	2776.5	2565.5	2400.0	2212.5	1998.0	1818.5	1698.5	1544.5	1367.0	1176.0	998.0	854.0	743.5	656.0	548.0	454.0	382.0	321.5	265.0	203.0	153.0	117.0	92.0	70.0	48.0	37.0	30.5	21.5	17.0	12.0	9.0	7.5	6.5	4.0	2.5	3.0	3.5	3.0	1.5	0.5	1.0	1.0	1.0	1.5	1.0	0.5	0.5	1.0	1.0	1.5	24.5
BP389_365_RCT_M043_SV1_1_R1_subset	1.0	1.5	1.0	1.5	2.0	1.0	1.5	4.5	6.0	7.0	7.0	7.5	15.0	19.0	32.0	47.0	66.0	92.0	126.0	181.5	251.0	379.5	514.5	646.5	817.0	1015.5	1270.0	1501.5	1737.5	2009.0	2284.5	2517.0	2769.0	3007.0	3223.0	3444.5	3539.0	3626.0	3738.0	3761.0	3693.5	3616.5	3466.5	3309.5	3228.5	3118.0	3057.5	2995.5	2897.5	2736.0	2572.5	2470.0	2285.0	2088.5	1942.0	1812.0	1660.0	1525.5	1380.0	1237.0	1088.0	946.0	831.0	709.0	608.5	489.0	395.5	342.5	285.5	221.0	188.0	150.5	102.0	75.0	50.0	38.0	28.5	22.5	22.0	21.0	16.5	9.0	5.5	4.5	4.0	4.5	4.0	3.0	3.0	2.0	1.5	1.0	0.5	0.5	0.5	0.5	0.0	0.0	0.0	0.0	0.0
BP389_365_RCT_M043_SV1_1_R2_subset	0.0	0.5	2.0	1.5	2.0	3.0	3.0	5.0	3.5	3.5	6.0	10.5	14.5	21.0	32.5	44.0	71.5	91.5	124.5	174.0	238.5	324.5	487.0	672.0	819.0	1022.5	1291.5	1549.5	1803.5	2016.0	2255.0	2504.0	2699.0	2977.5	3196.0	3372.0	3497.0	3607.0	3732.0	3712.0	3717.0	3664.0	3514.0	3480.0	3348.0	3171.0	3066.0	2933.5	2826.5	2723.5	2534.5	2366.5	2238.0	2060.0	1903.5	1757.0	1654.0	1519.0	1386.0	1228.0	1030.5	936.0	822.5	679.0	586.0	496.0	398.5	314.5	265.5	214.0	157.5	125.0	97.5	77.0	54.0	40.0	38.0	35.5	25.0	16.0	15.0	13.0	7.0	5.0	4.5	2.5	2.0	4.0	3.5	2.5	2.5	1.5	1.5	1.5	0.5	1.5	1.5	0.5	2.5	2.0	19.0
BP391_367_RCT_M045_SV1_1_R1_subset	0.0	0.0	0.0	0.0	0.0	1.0	1.0	1.5	3.5	6.5	11.5	21.0	31.5	49.0	72.0	92.5	140.0	216.5	279.5	353.0	457.5	614.5	833.0	996.5	1182.0	1475.5	1777.0	2059.0	2336.5	2656.5	2911.0	3096.5	3274.0	3420.0	3628.5	3787.0	3878.5	4066.0	4181.0	4108.0	4065.0	4098.0	4023.5	3864.5	3676.5	3529.5	3373.0	3088.5	2806.5	2478.0	2158.0	1894.0	1652.0	1398.0	1115.5	934.5	782.5	620.0	497.5	406.5	333.0	278.5	224.0	160.5	130.0	114.0	89.0	67.0	57.0	46.0	31.0	22.0	15.5	11.5	9.0	6.0	2.0	2.5	1.5	0.0	1.0	1.0	0.0	0.0	0.5	0.5	0.0	0.0	0.0	0.5	0.5	0.0	0.0	0.0	0.0	0.0	0.0	0.0	0.0	0.0	0.0
BP391_367_RCT_M045_SV1_1_R2_subset	0.0	0.0	0.0	0.5	2.0	1.5	0.5	2.5	5.5	6.5	15.0	27.5	36.5	49.0	69.5	87.0	141.0	217.0	271.5	344.5	452.5	614.5	825.0	1037.5	1223.5	1490.5	1734.5	1963.5	2292.5	2584.5	2863.0	3173.0	3367.0	3441.5	3555.0	3809.0	3996.5	4060.0	4149.0	4125.5	4076.5	4128.5	4102.5	3940.0	3696.0	3524.0	3396.5	3115.5	2831.5	2458.0	2118.0	1857.0	1545.0	1308.5	1116.5	905.0	735.0	582.5	480.0	419.5	333.5	273.5	205.5	153.0	132.5	115.5	79.5	65.0	51.0	38.0	30.0	20.0	17.5	12.0	8.0	6.5	4.0	2.5	2.0	2.0	1.0	0.0	0.0	0.0	0.0	0.0	0.0	0.0	0.0	0.0	0.0	0.0	0.0	0.5	1.0	0.5	0.0	0.5	3.5	4.5	33.5
BP396_372_RCT_M050_SV1_1_R1_subset	0.0	0.0	0.0	0.0	0.0	0.0	0.5	1.0	1.0	2.0	3.0	5.5	10.0	13.5	24.5	48.0	70.5	118.0	162.0	197.0	301.5	410.0	496.5	621.0	800.0	1004.5	1202.0	1436.5	1718.0	2022.5	2279.5	2468.0	2679.5	2894.5	3041.0	3203.5	3370.0	3410.5	3437.5	3438.5	3422.0	3383.5	3308.0	3344.5	3291.5	3123.5	3097.5	3088.5	2992.5	2941.0	2840.0	2706.5	2603.5	2506.0	2359.5	2136.0	1964.5	1749.5	1508.0	1331.5	1144.5	965.0	811.5	670.5	521.5	410.0	325.0	247.0	185.0	129.5	98.0	70.5	45.0	25.0	13.5	9.0	5.5	4.0	3.0	1.5	1.5	1.0	1.0	1.5	1.0	0.5	0.0	0.0	0.0	0.0	0.0	0.0	0.0	0.0	0.0	0.0	0.0	0.0	0.0	0.0	0.5
BP396_372_RCT_M050_SV1_1_R2_subset	0.0	0.0	0.5	0.5	0.5	1.0	2.0	2.0	1.0	4.5	10.0	12.5	14.0	24.5	41.0	58.0	84.5	116.5	159.0	221.0	299.5	389.0	506.0	660.5	815.0	973.0	1192.0	1441.5	1705.0	1969.5	2179.0	2418.0	2688.0	2915.5	3066.0	3228.5	3390.0	3466.0	3494.5	3520.5	3532.5	3494.5	3449.5	3377.5	3319.0	3245.5	3136.0	3059.0	2958.5	2855.0	2806.5	2708.5	2551.0	2397.5	2213.5	2037.0	1893.0	1668.0	1412.0	1208.5	1049.5	927.0	797.0	656.5	532.0	412.5	314.5	251.5	181.5	134.5	103.0	65.0	42.0	29.0	16.5	11.0	8.0	3.0	1.0	1.0	2.0	2.0	0.5	0.5	1.5	1.0	0.0	0.0	0.0	0.0	0.0	0.0	0.0	0.0	0.5	0.5	0.5	1.5	2.5	4.0	28.5
BP398_374_RCT_M054_SV1_1_R1_subset	1.0	0.5	0.0	0.5	0.5	0.5	0.5	1.0	1.0	2.0	3.0	2.5	3.0	5.0	8.0	10.5	15.5	26.5	40.5	65.5	97.5	140.0	180.0	248.5	317.0	361.5	444.0	539.5	642.5	706.5	769.5	877.0	983.0	1023.0	1045.5	1113.0	1144.0	1138.5	1167.0	1148.5	1127.5	1101.5	1019.5	997.5	962.0	900.5	854.5	804.5	750.5	692.5	648.0	640.5	608.0	559.5	516.5	476.5	457.5	419.5	372.0	330.5	294.0	262.0	218.5	171.0	150.0	128.0	109.0	90.5	75.5	67.5	51.0	42.0	30.0	22.5	18.0	14.0	9.5	6.5	6.0	5.0	4.5	3.0	2.5	2.5	2.0	2.0	2.0	1.5	0.5	0.5	1.0	0.5	0.0	0.0	0.0	0.0	0.0	0.0	0.0	0.0	0.0
BP398_374_RCT_M054_SV1_1_R2_subset	0.0	0.5	0.5	1.0	1.5	1.0	1.0	1.5	3.0	3.0	3.0	3.0	7.0	8.0	7.5	13.5	19.0	31.0	49.5	60.0	88.0	130.5	162.0	225.5	311.0	388.5	451.0	497.0	615.0	747.0	764.5	839.0	954.0	993.5	1050.0	1116.0	1146.0	1151.5	1200.0	1211.0	1179.5	1120.5	1045.5	994.0	938.5	859.5	800.5	776.0	735.0	702.0	679.0	652.0	584.5	521.5	482.5	457.0	448.0	408.5	356.0	331.0	301.0	258.0	211.5	175.0	158.0	143.5	121.5	89.0	71.5	64.5	49.5	34.0	25.0	25.0	20.0	12.5	8.5	7.0	6.0	6.0	6.0	4.5	3.0	2.0	1.5	1.0	1.0	1.0	1.5	1.0	0.5	0.5	0.5	0.5	0.0	0.0	0.5	0.5	0.0	0.0	10.5
BP402_378_RCT_M058_SV1_1_R1_subset	0.0	0.0	0.0	0.0	0.0	0.0	0.0	0.0	1.5	2.5	4.0	5.5	12.0	18.0	29.5	45.5	70.0	99.5	126.0	187.5	256.5	326.5	426.5	539.5	649.0	797.5	1007.0	1239.5	1447.0	1633.5	1784.0	1917.0	2065.0	2314.0	2564.0	2631.0	2661.0	2757.5	2804.0	2754.0	2787.0	2799.0	2735.0	2702.0	2608.5	2548.5	2558.5	2510.0	2469.0	2417.5	2327.5	2281.5	2205.0	2047.0	1908.0	1767.0	1614.5	1506.5	1336.5	1138.0	999.5	871.5	709.0	565.0	461.5	361.0	286.0	223.0	166.0	123.0	88.0	68.5	49.5	37.5	29.5	19.0	9.5	6.0	7.5	4.0	1.5	1.5	2.0	1.5	2.0	1.0	0.0	0.5	0.5	0.0	0.5	0.5	0.0	0.0	0.0	0.0	0.0	0.0	0.0	0.0	0.0
BP402_378_RCT_M058_SV1_1_R2_subset	0.0	0.0	0.5	0.5	0.5	2.0	2.0	3.5	5.0	4.5	6.5	10.5	18.5	22.0	24.5	35.0	58.5	101.5	153.5	190.5	250.0	329.0	413.0	542.0	692.0	836.0	989.0	1166.5	1362.0	1595.5	1772.0	1917.0	2147.5	2349.5	2454.0	2572.0	2696.0	2768.5	2804.0	2760.5	2709.0	2717.0	2712.5	2652.0	2640.5	2588.0	2499.0	2507.0	2482.0	2386.5	2343.5	2345.0	2242.0	2118.5	1974.5	1801.0	1668.0	1486.0	1300.5	1133.5	962.5	822.5	686.0	548.5	460.0	369.5	283.5	218.5	160.0	128.0	87.0	62.5	44.5	29.5	29.0	20.5	12.5	8.5	5.0	2.5	2.5	2.5	1.5	0.5	0.5	1.0	0.5	0.0	1.0	1.0	0.0	0.0	0.0	0.0	0.0	0.0	0.5	2.0	2.5	2.0	14.0
BP403_379_RCT_M060_SV1_1_R1_subset	0.0	0.0	0.0	0.0	0.0	0.5	1.5	1.5	2.0	4.0	12.5	21.5	29.5	42.0	67.5	104.5	147.5	218.5	311.5	414.5	568.0	743.0	907.5	1114.0	1397.5	1723.5	2013.5	2274.0	2619.0	2978.5	3202.5	3431.5	3576.0	3660.0	3746.5	3697.0	3597.5	3515.0	3376.5	3167.0	2965.5	2750.0	2541.5	2335.5	2170.0	2044.5	1872.5	1760.0	1680.0	1641.0	1663.0	1681.0	1649.5	1615.5	1610.0	1553.5	1502.5	1444.0	1386.0	1273.0	1136.0	1052.0	950.0	795.5	651.0	541.5	422.5	324.0	249.5	174.5	123.5	92.5	62.0	37.5	24.0	14.0	8.5	7.0	4.0	2.0	1.5	1.0	1.0	1.5	1.0	0.0	0.0	0.0	0.0	0.5	0.5	0.5	0.5	0.0	0.0	0.0	0.0	0.0	0.0	0.0	0.0
BP403_379_RCT_M060_SV1_1_R2_subset	0.0	0.0	0.5	1.0	1.5	2.0	3.5	3.5	4.0	8.0	13.0	21.0	31.0	47.5	76.5	100.0	137.0	213.5	303.0	390.0	522.5	698.0	891.0	1124.0	1351.5	1653.5	1986.5	2322.0	2684.0	2986.0	3241.5	3404.0	3563.5	3625.0	3630.0	3695.5	3667.0	3495.0	3321.0	3153.0	2917.0	2666.0	2409.5	2215.5	2058.5	1960.5	1925.0	1816.0	1733.0	1715.0	1682.0	1653.0	1678.5	1742.0	1665.0	1597.5	1566.5	1490.0	1418.5	1308.5	1191.0	1049.0	920.5	815.5	667.5	516.0	414.5	334.5	249.5	172.5	112.5	74.5	56.0	39.0	24.5	15.0	8.5	5.5	4.0	3.0	1.5	2.0	2.0	1.5	0.5	0.0	0.0	0.0	1.0	1.0	1.0	1.0	0.0	0.5	0.5	0.0	0.5	1.0	2.0	3.0	23.5
BP411_387_RCT_M074_SV1_1_R1_subset	0.0	0.0	0.0	0.0	0.5	0.5	1.0	2.5	3.0	3.5	5.0	8.0	12.0	21.0	30.0	45.0	70.0	102.5	145.0	200.0	285.5	379.0	483.5	637.0	815.5	1024.5	1214.0	1425.0	1708.5	1943.5	2169.0	2405.5	2602.5	2775.5	2895.0	3035.0	3110.5	3137.0	3133.5	3060.5	3050.0	3010.5	2921.0	2773.0	2631.0	2530.0	2419.0	2384.0	2369.0	2335.5	2314.5	2330.5	2350.0	2346.5	2350.0	2356.5	2322.0	2305.0	2208.5	2042.0	1945.5	1771.0	1555.5	1413.5	1213.0	987.5	803.5	648.5	540.0	386.5	260.5	186.5	120.0	81.5	69.5	46.0	20.0	15.5	15.0	9.0	4.5	5.0	5.5	4.0	4.0	3.0	2.0	1.5	1.0	0.5	0.0	0.0	0.5	0.5	0.0	0.0	0.0	0.0	0.5	0.5	0.0
BP411_387_RCT_M074_SV1_1_R2_subset	1.0	1.5	1.0	0.0	0.5	2.0	2.0	2.5	4.5	5.0	5.0	10.5	15.0	18.5	30.0	45.5	69.0	88.5	128.5	201.5	269.5	366.0	490.0	613.5	797.0	1002.5	1224.0	1498.0	1727.0	1907.0	2138.0	2360.0	2601.5	2764.0	2825.5	2966.0	3093.5	3133.0	3093.0	3124.5	3117.5	3042.5	2899.0	2700.0	2595.0	2511.0	2430.5	2362.0	2381.5	2360.5	2355.5	2434.5	2449.5	2380.0	2368.5	2349.0	2287.0	2268.5	2170.5	2020.5	1893.5	1755.5	1539.5	1320.5	1178.5	1009.5	809.5	668.0	506.5	346.0	230.5	173.0	131.0	84.0	57.0	42.0	34.0	18.5	12.5	9.0	6.0	6.5	4.0	3.0	4.0	3.5	2.0	1.0	1.0	0.5	0.5	1.0	0.5	0.0	0.0	0.0	0.0	1.5	2.0	1.5	18.0
BP413_389_RCT_M076_SV1_1_R1_subset	0.0	0.0	0.0	0.0	0.0	0.5	0.5	0.0	0.0	0.0	1.0	3.5	7.0	13.0	17.0	23.0	35.5	57.5	83.5	120.5	152.5	194.5	258.5	322.5	416.0	537.0	677.5	825.0	997.5	1188.0	1341.0	1519.5	1737.0	1941.5	2149.5	2358.5	2635.0	2844.5	2993.0	3217.5	3378.0	3539.5	3729.0	3833.5	3910.0	3886.0	3776.0	3644.5	3479.5	3341.5	3100.5	2928.5	2811.0	2508.5	2245.0	2079.0	1905.0	1782.5	1683.0	1540.5	1418.0	1339.5	1259.5	1104.5	988.5	874.0	720.5	601.0	488.5	383.0	286.0	225.0	169.5	115.5	75.5	57.5	38.5	18.5	11.5	11.0	8.5	6.0	4.0	2.5	2.5	2.0	1.0	0.5	0.0	0.0	0.0	0.0	0.0	0.0	0.0	0.0	0.0	0.0	0.0	0.0	0.0
BP413_389_RCT_M076_SV1_1_R2_subset	0.0	0.0	0.0	0.0	0.0	1.0	1.5	1.5	2.0	3.5	4.0	6.5	9.0	14.0	21.5	25.0	32.5	47.5	67.5	96.5	139.0	191.0	253.5	337.5	446.5	542.5	664.0	814.0	989.5	1153.5	1340.0	1566.5	1759.5	1993.5	2232.0	2393.0	2592.0	2773.5	2979.0	3264.5	3507.0	3678.5	3761.5	3837.0	3906.5	3933.0	3868.5	3721.0	3550.5	3373.5	3127.0	2884.0	2671.0	2399.5	2183.5	2020.5	1890.0	1754.5	1595.5	1474.5	1402.0	1266.0	1137.0	1089.0	974.0	860.5	743.0	587.5	472.0	389.5	295.0	227.5	168.5	121.0	86.0	53.5	38.5	26.5	20.0	16.0	10.5	4.5	2.0	2.0	2.0	0.0	0.0	0.5	0.5	0.0	0.0	0.5	1.0	0.5	0.0	0.5	1.5	3.0	2.5	2.0	36.0
BP418_394_REC_PM027_V1_1_R1_subset	0.0	0.0	0.0	0.0	0.0	0.5	0.5	0.5	0.5	0.5	3.0	6.5	11.5	20.5	36.0	58.5	77.5	112.0	181.5	257.0	329.0	429.5	581.0	753.5	919.0	1159.0	1387.0	1632.5	1904.5	2145.5	2384.0	2595.0	2764.0	2935.0	3046.0	3083.0	3161.0	3211.0	3158.5	3054.5	3059.0	3050.5	2992.0	2946.5	2855.0	2742.5	2624.5	2547.5	2498.0	2434.0	2395.5	2327.5	2225.0	2130.0	2031.5	1958.5	1936.0	1817.5	1698.0	1666.0	1556.5	1427.5	1331.5	1199.5	1039.5	909.5	771.5	656.5	541.0	402.0	311.0	234.5	166.0	123.5	87.0	59.0	39.5	28.5	17.5	9.5	7.0	2.5	1.5	1.5	0.5	1.0	1.0	0.0	0.5	0.5	0.0	0.0	0.0	0.5	0.5	0.0	0.0	0.0	0.0	0.5	0.5
BP418_394_REC_PM027_V1_1_R2_subset	0.0	0.0	0.0	0.5	1.0	1.5	1.5	2.5	2.0	1.5	5.5	10.5	13.5	20.5	33.0	53.5	81.5	126.5	190.0	264.5	329.0	424.5	579.0	738.0	911.5	1140.0	1361.5	1644.0	1943.0	2132.0	2381.5	2633.5	2805.5	2959.0	3062.0	3153.5	3163.5	3184.5	3220.0	3125.0	3086.5	3069.5	3025.5	2968.5	2833.5	2675.0	2588.0	2549.0	2498.5	2431.0	2356.0	2283.5	2179.0	2085.5	2024.0	1964.0	1898.5	1812.5	1745.5	1635.5	1516.5	1424.0	1281.5	1163.5	1041.0	884.5	740.0	613.5	477.0	388.0	310.0	211.0	150.5	109.5	75.5	48.0	33.5	20.5	13.0	12.5	9.0	3.5	2.0	1.5	0.5	1.5	1.5	0.0	0.5	1.0	0.5	0.0	0.5	0.5	0.0	0.5	0.5	0.0	0.0	1.0	27.0
BP419_395_RCT_M012_SV2_1-1_R1_subset	0.0	0.0	0.0	0.0	0.0	0.0	0.0	0.0	1.0	3.0	5.0	9.5	18.5	28.0	47.5	65.5	91.0	131.5	190.5	279.0	383.5	495.0	634.5	856.5	1068.5	1275.5	1557.0	1842.0	2104.5	2402.0	2680.5	2896.5	3111.5	3279.5	3415.0	3521.5	3556.0	3545.0	3496.5	3421.5	3295.5	3141.5	3058.5	2970.5	2789.5	2637.5	2484.0	2388.5	2377.5	2313.0	2206.0	2127.5	2104.0	2045.0	1960.0	1874.5	1803.0	1702.0	1599.5	1483.5	1295.5	1135.5	979.0	821.0	702.0	577.5	451.0	355.0	271.5	193.0	144.0	104.0	64.5	44.0	33.0	19.5	12.5	11.0	5.0	1.0	0.5	1.0	1.5	1.5	1.0	1.0	0.5	0.0	0.0	0.0	0.5	0.5	0.0	0.0	0.0	0.0	0.0	0.0	0.0	0.0	0.0
BP419_395_RCT_M012_SV2_1-1_R2_subset	0.0	0.0	0.0	0.5	0.5	1.0	2.5	3.0	5.0	6.5	6.5	6.5	15.0	30.0	42.5	64.5	88.5	129.5	198.0	268.0	352.5	499.5	646.5	841.5	1114.0	1334.0	1561.0	1857.0	2112.0	2371.5	2675.5	2939.5	3119.0	3257.5	3413.0	3519.0	3581.5	3581.0	3551.5	3473.0	3257.0	3082.5	2994.5	2876.5	2739.5	2579.5	2467.0	2463.5	2434.0	2325.5	2226.5	2182.0	2102.0	1994.0	1984.0	1967.0	1786.5	1650.0	1578.5	1437.5	1281.0	1121.5	982.0	818.5	677.0	572.0	428.5	337.5	284.0	200.5	144.0	100.5	65.0	45.5	31.5	19.5	12.0	5.5	4.0	2.0	0.5	1.5	2.0	1.0	1.0	0.5	0.0	0.0	0.0	1.0	1.0	0.0	0.5	0.5	0.5	0.5	0.5	1.0	2.0	4.0	28.5
BP427_403_RCT_M032_SV2_1_R1_subset	0.0	0.0	0.0	0.0	1.0	1.0	0.5	2.0	2.5	2.5	5.5	11.0	20.0	30.0	53.5	67.0	88.5	141.0	200.0	265.5	365.0	522.5	697.0	848.0	986.0	1183.0	1436.0	1673.5	1891.0	2109.5	2306.5	2473.0	2563.5	2613.0	2681.5	2644.5	2643.5	2672.5	2675.0	2675.5	2663.5	2567.0	2439.0	2456.0	2423.5	2376.0	2368.0	2313.5	2268.0	2233.5	2186.0	2169.5	2181.5	2164.0	2165.5	2183.0	2151.5	2100.0	2099.0	2050.5	1947.0	1905.0	1844.5	1728.0	1557.5	1358.0	1190.0	1014.5	830.5	705.0	562.5	423.5	315.0	225.0	168.0	111.5	86.0	65.0	38.0	25.0	13.0	9.0	9.0	6.5	2.0	2.5	1.5	1.5	1.5	0.5	0.5	0.0	0.0	0.0	0.0	0.0	0.0	0.0	0.0	0.5	0.5
BP427_403_RCT_M032_SV2_1_R2_subset	0.0	0.0	1.0	1.5	1.0	2.5	3.5	3.5	5.0	9.5	10.0	15.0	19.0	22.0	47.5	75.5	103.5	149.5	212.5	292.0	392.0	492.0	619.0	792.5	967.5	1154.0	1395.5	1635.0	1865.0	2077.5	2292.5	2462.5	2552.5	2642.5	2743.0	2769.0	2749.0	2743.5	2679.0	2670.5	2661.5	2598.0	2510.0	2448.0	2428.0	2367.5	2275.5	2257.5	2277.5	2262.5	2231.5	2174.0	2150.0	2181.5	2164.0	2083.0	2123.5	2128.0	2031.0	1954.5	1929.0	1881.5	1783.5	1661.0	1487.0	1370.5	1217.5	1041.5	856.0	670.5	531.0	418.5	328.0	236.5	175.0	120.5	85.5	54.0	33.0	27.5	17.0	9.5	5.0	3.5	5.0	4.5	3.0	2.0	0.0	1.0	1.0	0.0	0.0	0.0	0.0	0.0	0.5	1.0	1.0	1.0	31.5
BP431_407_RCT_M042_SV2_1_R1_subset	0.0	0.0	0.0	0.0	0.0	0.0	0.0	0.0	0.0	2.0	3.5	3.0	9.5	18.5	28.0	37.5	53.5	86.5	114.0	153.0	211.0	282.0	348.5	463.5	604.5	733.0	872.5	1061.5	1257.5	1412.5	1568.5	1721.5	1864.0	2046.0	2189.5	2289.5	2414.5	2487.0	2555.0	2698.5	2778.5	2784.0	2844.0	2881.0	2879.5	2868.0	2857.0	2781.5	2653.0	2529.0	2432.5	2365.5	2228.5	2053.5	1932.0	1793.0	1654.0	1552.5	1452.0	1315.0	1191.5	1097.5	984.5	890.0	759.5	619.0	524.5	416.5	327.0	261.5	213.0	180.5	132.0	87.5	60.0	43.0	27.5	19.0	15.5	13.0	10.0	5.5	2.5	1.5	1.5	1.0	0.0	0.0	0.0	0.5	0.5	0.5	1.0	0.5	0.0	0.0	0.5	1.0	1.0	0.5	0.0
BP431_407_RCT_M042_SV2_1_R2_subset	0.0	0.0	0.0	1.0	1.5	2.0	1.5	1.5	4.0	3.0	2.5	6.5	11.5	20.5	38.5	49.0	60.0	88.5	113.5	140.0	200.0	281.0	398.0	482.0	567.5	731.5	886.5	1040.0	1214.5	1401.0	1593.5	1759.0	1920.5	2029.5	2124.0	2298.5	2425.0	2545.0	2663.5	2693.0	2735.0	2771.0	2749.0	2774.5	2809.0	2840.5	2812.5	2692.5	2659.5	2595.0	2477.5	2330.0	2201.5	2094.0	1908.0	1777.0	1679.5	1547.0	1418.5	1290.5	1175.0	1072.5	953.5	849.5	745.5	621.5	513.5	443.0	365.5	281.5	212.5	158.5	116.0	78.0	52.5	40.0	30.5	22.0	16.5	10.0	5.5	2.5	2.0	3.0	2.5	0.5	0.5	1.0	1.0	1.0	1.0	0.5	0.5	0.5	0.0	0.5	0.5	0.0	0.5	1.5	20.0
BP453_428_RCT_M075_SV2_1_R1_subset	0.0	0.0	0.0	0.5	1.0	1.0	0.5	0.0	1.0	4.0	7.0	14.5	19.5	31.5	50.5	61.5	93.0	146.0	182.0	241.0	326.5	415.5	550.5	699.0	821.0	953.0	1093.0	1265.5	1460.5	1645.0	1808.0	1911.5	2010.5	2098.5	2181.0	2238.5	2208.5	2195.5	2179.5	2107.0	2013.0	1976.5	1949.5	1871.0	1830.0	1773.0	1660.5	1596.5	1521.5	1420.0	1386.5	1326.0	1245.0	1188.0	1094.5	989.5	900.0	827.0	735.0	640.0	573.0	484.5	416.5	350.0	280.5	221.0	174.0	141.0	101.0	75.0	56.0	37.0	24.0	15.5	9.5	7.0	5.5	2.5	2.5	2.0	0.5	0.0	0.5	0.5	0.0	0.0	0.0	0.0	0.0	0.0	0.0	0.0	0.0	0.0	0.0	0.5	0.5	0.0	0.0	0.0	0.0
BP453_428_RCT_M075_SV2_1_R2_subset	0.0	0.0	0.0	0.5	1.5	2.5	4.0	6.0	6.0	7.5	13.5	21.5	26.0	32.5	52.0	74.5	97.0	137.0	180.5	245.0	317.5	401.5	527.5	686.0	835.5	931.0	1105.0	1333.0	1464.5	1602.0	1815.0	1965.5	2054.5	2101.5	2108.5	2174.0	2268.5	2247.0	2184.0	2130.0	2075.0	1999.0	1908.5	1884.0	1818.0	1677.0	1613.5	1549.0	1460.5	1422.5	1386.0	1336.5	1256.0	1181.5	1051.5	963.5	903.5	821.0	734.5	616.0	548.5	510.5	420.5	332.5	270.0	212.0	185.0	159.0	123.5	79.5	39.0	25.5	25.0	16.5	9.0	6.5	4.5	3.0	1.5	1.0	0.0	0.5	0.5	0.0	0.0	0.0	0.0	0.0	0.0	0.0	0.0	0.0	0.0	0.0	0.0	1.0	1.0	0.0	0.0	1.5	21.0
BP455_430_RCT_M077_SV2_1_R1_subset	0.0	0.0	0.0	0.0	0.0	0.0	0.0	0.0	0.0	0.0	0.5	1.5	7.0	14.5	16.0	15.5	26.5	46.0	69.0	102.0	146.0	208.5	276.5	345.0	445.5	558.0	666.0	802.0	929.5	1081.0	1246.0	1355.5	1437.0	1545.0	1670.5	1692.0	1717.5	1763.0	1787.0	1764.0	1685.5	1596.0	1511.5	1490.0	1414.0	1339.0	1340.0	1337.0	1359.5	1392.0	1454.0	1612.0	1807.5	2034.0	2308.5	2626.5	3021.5	3393.0	3688.0	3927.5	4118.5	4244.5	4166.5	4096.0	3895.5	3465.0	3055.0	2633.0	2189.5	1766.0	1393.5	1048.0	770.0	554.0	380.5	245.5	151.5	91.0	47.5	28.5	17.5	9.5	10.5	6.0	1.5	1.0	1.0	0.5	0.5	0.5	0.5	1.0	0.5	0.0	0.0	0.0	0.0	0.0	0.0	0.0	0.0
BP455_430_RCT_M077_SV2_1_R2_subset	0.0	0.5	0.5	0.0	0.5	1.5	2.0	1.0	0.0	1.0	3.0	3.0	2.5	10.5	16.5	22.0	32.5	58.5	83.5	109.5	137.5	205.0	280.5	325.0	442.5	577.0	658.5	746.0	911.0	1104.0	1261.5	1381.5	1479.5	1584.0	1677.0	1761.5	1802.5	1752.5	1726.0	1724.5	1666.5	1570.5	1518.5	1461.0	1417.0	1366.0	1291.5	1326.0	1387.0	1433.5	1481.5	1630.5	1855.5	2129.0	2388.0	2683.0	3093.5	3429.5	3720.5	3957.5	4100.0	4120.5	4065.5	3974.5	3740.0	3368.5	2977.0	2562.0	2088.0	1676.5	1337.5	1019.0	711.0	507.5	362.0	230.0	155.0	103.5	64.0	32.0	21.5	14.5	8.5	5.5	3.0	2.5	2.5	1.0	1.0	2.0	1.5	1.0	1.0	0.5	0.0	0.0	0.0	0.0	0.0	1.0	24.0
BP456_431_RCT_M078_SV2_1_R1_subset	0.0	0.0	0.0	0.0	0.0	1.5	1.5	0.5	1.0	1.0	2.5	3.0	5.5	15.0	22.0	29.0	41.5	59.5	87.5	111.5	163.5	238.0	296.0	400.5	525.5	623.5	769.5	930.5	1076.0	1281.5	1499.5	1671.5	1862.5	2026.0	2203.0	2382.0	2502.5	2679.0	2839.5	2955.5	3058.0	3103.0	3153.0	3193.0	3252.0	3241.0	3246.5	3287.0	3212.0	3122.5	2999.0	2845.5	2722.5	2643.5	2585.0	2427.5	2265.5	2167.0	2061.0	1955.5	1866.5	1781.0	1612.5	1489.5	1363.5	1174.0	1017.5	887.5	727.0	580.0	479.5	367.0	278.0	209.0	141.5	93.5	67.0	50.5	33.0	23.0	15.0	7.0	5.0	7.0	6.5	3.0	1.0	1.0	1.0	1.0	0.5	0.0	0.0	0.5	0.5	0.0	0.5	0.5	0.0	0.0	0.0
BP456_431_RCT_M078_SV2_1_R2_subset	0.0	0.5	0.5	1.0	2.0	2.5	2.5	2.0	3.0	4.0	4.5	6.0	10.5	17.0	20.5	28.5	43.0	57.5	86.0	117.0	157.5	223.5	303.0	398.0	502.0	612.0	746.0	930.0	1131.5	1303.5	1461.5	1690.0	1912.0	2045.5	2227.0	2396.5	2527.0	2663.5	2828.0	2965.0	3039.5	3116.0	3201.0	3241.0	3292.5	3297.0	3257.0	3258.5	3211.5	3111.0	3004.0	2857.5	2712.0	2631.0	2522.5	2411.5	2296.5	2181.0	2052.0	1924.0	1840.0	1736.5	1584.5	1444.5	1302.5	1158.0	1014.5	835.0	692.5	574.0	444.5	357.0	282.5	198.5	131.0	89.0	66.0	51.5	34.0	19.0	11.5	8.0	6.5	5.5	4.0	2.5	1.0	4.0	4.5	2.5	2.0	0.5	0.5	0.5	0.0	0.5	2.0	3.0	1.5	1.5	18.0
BP457_432_RCT_M080_SV2_1_R1_subset	0.0	0.0	0.5	0.5	0.0	1.0	1.0	0.5	1.5	2.5	5.0	10.5	14.0	22.0	31.0	44.0	68.0	89.5	135.5	211.5	280.0	362.0	499.5	648.5	787.5	965.0	1172.5	1394.0	1616.5	1852.0	2053.0	2250.0	2470.0	2743.5	2965.0	3094.5	3263.0	3456.5	3636.5	3706.0	3730.5	3715.5	3683.5	3666.0	3614.5	3527.5	3398.0	3269.5	3147.5	3051.5	2866.5	2639.0	2440.0	2219.5	1969.0	1789.5	1718.0	1537.0	1340.0	1177.0	1008.5	888.5	768.0	637.0	532.5	446.5	370.5	297.5	232.0	188.0	149.5	119.0	93.0	72.5	55.5	39.0	33.0	27.0	18.0	15.5	15.0	12.0	7.5	3.0	2.5	3.0	2.0	2.5	3.5	2.0	1.0	2.0	2.5	1.0	0.0	0.0	0.0	0.0	0.0	0.0	0.0
BP457_432_RCT_M080_SV2_1_R2_subset	0.0	0.0	0.5	1.5	1.5	1.0	3.0	4.5	4.0	3.5	5.5	7.5	9.0	15.5	29.5	51.0	71.5	91.0	128.0	181.0	253.5	361.5	488.0	624.5	754.5	943.5	1155.0	1323.0	1592.5	1835.0	2046.5	2282.0	2498.0	2696.5	2910.0	3065.5	3225.0	3512.5	3632.5	3669.5	3693.0	3665.0	3692.5	3641.5	3524.0	3435.0	3433.5	3332.0	3136.5	3040.0	2871.0	2650.5	2432.5	2224.0	2064.5	1856.5	1676.5	1534.0	1346.5	1180.0	1015.0	867.0	755.5	632.0	526.5	444.0	384.0	322.5	237.0	191.0	151.5	114.5	92.0	72.5	55.5	38.5	31.5	25.5	18.0	14.0	9.0	8.5	8.5	5.0	3.0	3.0	1.5	1.5	2.0	2.5	2.0	1.0	1.0	1.5	1.5	1.0	0.5	1.0	1.5	3.0	24.5
BP458_433_RCT_M002_SV3_1_R1_subset	0.0	0.0	0.0	0.0	0.5	1.0	0.5	0.0	1.0	1.5	2.5	4.0	7.0	13.5	21.0	25.0	48.5	77.0	99.0	143.0	200.0	296.5	388.5	467.5	603.0	745.5	922.5	1112.0	1278.0	1474.5	1674.5	1841.5	2009.0	2166.5	2323.5	2483.0	2567.0	2662.5	2756.0	2816.0	2937.0	3038.5	3061.0	3099.0	3135.5	3123.0	3133.0	3187.5	3191.0	3126.0	3089.0	3011.0	2916.0	2830.5	2708.5	2567.0	2450.0	2403.0	2261.5	2028.0	1849.5	1684.5	1479.5	1294.0	1145.0	973.0	792.5	629.0	494.5	396.5	312.0	218.5	149.0	119.5	84.0	51.0	30.5	19.0	15.0	8.5	3.5	3.0	2.5	4.5	3.5	1.5	1.5	1.0	0.5	0.0	0.5	0.5	0.0	0.5	0.5	0.0	0.0	0.5	0.5	0.0	0.0
BP458_433_RCT_M002_SV3_1_R2_subset	0.0	0.0	0.5	1.5	1.5	2.0	1.5	0.5	1.5	3.5	4.0	3.0	8.5	16.5	22.0	35.5	60.0	78.5	95.5	135.0	206.5	290.0	349.5	455.0	601.5	732.5	905.0	1102.5	1283.5	1479.5	1684.0	1872.0	2035.0	2182.5	2322.5	2480.5	2614.5	2693.5	2781.0	2856.5	2956.5	3059.5	3061.0	3086.5	3103.5	3135.5	3201.0	3126.0	3109.5	3089.0	3019.5	3025.0	2988.0	2863.5	2686.0	2572.5	2469.0	2343.0	2196.0	1995.0	1796.5	1623.5	1431.0	1234.0	1076.0	930.0	788.5	651.5	513.0	382.5	287.5	214.5	161.5	111.0	78.5	52.5	28.0	24.0	18.0	11.5	9.5	8.0	5.0	3.5	2.5	2.0	2.5	2.0	1.0	0.5	0.5	0.5	0.0	0.0	0.5	0.5	0.0	0.5	1.0	2.0	31.0
BP469_444_RCT_M040_SV3_1_R1_subset	0.0	0.0	0.0	0.0	0.0	1.0	1.0	0.5	3.5	6.0	7.5	13.5	22.5	33.5	49.5	74.5	112.0	158.5	218.5	300.5	404.5	532.0	710.0	931.0	1110.5	1315.5	1553.5	1817.5	2147.5	2458.5	2685.5	2908.0	3155.5	3307.0	3386.5	3479.5	3589.5	3561.0	3478.5	3419.5	3378.0	3388.5	3367.5	3282.0	3106.5	2949.5	2857.0	2716.5	2528.0	2422.5	2312.5	2101.0	1950.5	1839.0	1681.0	1551.0	1449.0	1285.5	1202.0	1163.0	1046.0	943.5	826.0	733.0	640.5	538.5	455.0	377.5	306.5	236.0	194.5	150.5	107.0	76.0	48.5	37.0	22.5	11.5	8.5	4.5	4.0	4.5	1.5	0.5	1.0	1.5	1.5	0.5	0.0	0.0	0.0	0.0	0.5	0.5	0.0	0.5	0.5	0.0	0.0	0.0	0.0
BP469_444_RCT_M040_SV3_1_R2_subset	0.0	0.0	0.5	1.5	1.0	0.5	1.0	2.5	4.0	4.5	7.0	14.0	26.5	41.0	47.0	76.5	114.0	141.5	194.5	282.0	410.5	553.0	693.0	854.0	1048.5	1264.5	1559.5	1895.5	2167.0	2398.0	2660.0	2918.5	3121.0	3280.5	3377.5	3458.0	3527.5	3495.5	3447.5	3516.5	3491.5	3356.0	3258.0	3124.5	3021.5	2939.0	2790.5	2681.0	2598.5	2442.5	2263.0	2156.5	2035.5	1852.5	1697.5	1600.5	1492.5	1352.5	1260.5	1137.5	1025.5	932.5	842.5	751.0	622.0	522.5	464.0	393.5	305.0	248.5	197.5	145.5	96.5	63.0	46.5	31.5	20.5	16.5	13.5	10.0	7.5	3.0	2.0	1.5	1.5	1.5	0.5	0.5	0.5	0.5	0.0	0.5	0.5	0.5	1.5	1.5	0.5	1.0	1.5	2.0	34.0
BP472_447_RCT_M044_SV3_1_R1_subset	0.0	0.0	0.0	0.0	0.0	0.0	0.0	0.0	1.0	1.5	3.0	6.0	8.0	9.0	13.5	24.0	37.0	49.5	69.0	122.0	169.0	197.0	255.0	341.0	455.0	598.5	742.0	887.5	1066.0	1238.0	1440.5	1626.0	1759.5	1951.0	2096.5	2266.0	2503.0	2621.5	2741.0	2983.5	3147.0	3188.0	3287.5	3423.5	3576.0	3664.0	3701.5	3757.0	3776.0	3677.5	3573.5	3500.5	3255.0	2985.0	2728.0	2477.0	2302.0	2057.5	1846.0	1693.5	1504.5	1389.5	1269.5	1089.0	950.5	842.0	711.5	580.5	491.0	411.0	324.0	247.5	180.5	140.0	101.5	62.5	40.5	31.5	20.5	11.5	8.0	5.5	3.0	2.0	2.0	1.0	0.5	0.0	0.0	0.0	0.0	0.0	0.0	0.0	0.0	0.0	0.0	0.0	0.0	0.0	0.0
BP472_447_RCT_M044_SV3_1_R2_subset	0.0	0.0	0.0	0.5	0.5	0.0	1.0	1.5	2.5	2.5	1.5	6.0	9.0	10.5	20.0	29.5	38.0	59.0	83.0	107.0	142.0	195.0	260.5	335.0	447.0	581.0	738.0	896.5	1028.0	1216.0	1403.0	1619.0	1830.5	1972.5	2137.5	2318.0	2486.0	2637.0	2791.0	2923.5	3007.5	3141.0	3327.5	3452.0	3598.0	3606.0	3635.5	3754.0	3718.5	3632.5	3557.0	3480.0	3289.5	3017.0	2752.5	2560.5	2333.5	2028.0	1840.0	1695.0	1475.5	1346.0	1226.5	1055.5	928.5	826.5	719.5	591.5	498.5	393.5	294.5	230.5	177.5	135.0	97.5	70.5	45.0	25.0	16.0	11.0	7.5	6.0	4.0	3.0	1.0	0.0	0.5	0.5	0.0	1.5	1.5	0.5	0.5	0.5	1.0	1.0	0.5	0.0	1.0	2.0	25.0
BP473_448_RCT_M047_SV3_1_R1_subset	0.0	0.0	0.0	0.0	0.0	0.0	0.0	0.0	1.5	4.0	4.0	8.0	17.5	27.5	47.5	77.5	117.5	181.5	274.5	362.5	463.5	604.5	830.5	1080.0	1338.0	1633.5	1964.5	2355.0	2696.0	2964.5	3216.5	3421.0	3621.0	3864.0	3984.0	4012.5	4068.0	4006.0	3863.0	3747.5	3617.5	3395.0	3138.5	2955.5	2778.0	2543.5	2376.0	2284.5	2092.5	1957.0	1875.0	1756.5	1651.0	1572.5	1493.0	1374.0	1242.0	1113.5	998.0	895.0	784.5	680.5	576.0	481.5	421.5	345.5	254.0	179.5	140.0	107.0	80.0	57.5	39.0	25.0	16.5	10.0	6.0	4.0	2.5	3.5	3.0	1.5	0.0	0.0	0.5	0.5	0.5	0.5	0.0	0.0	0.0	0.5	0.5	0.0	0.0	0.0	0.0	0.0	0.0	0.0	0.0
BP473_448_RCT_M047_SV3_1_R2_subset	0.0	0.0	1.0	1.0	0.0	1.0	2.5	2.5	2.5	6.0	11.0	15.0	21.0	29.0	45.0	70.5	95.5	147.0	230.0	317.0	442.5	624.5	839.5	1047.0	1297.5	1616.5	1914.5	2272.5	2645.5	2925.5	3235.0	3542.0	3651.0	3774.5	3969.5	4028.0	4045.0	4035.5	4008.0	3817.5	3535.5	3383.0	3169.0	2910.0	2732.0	2530.0	2364.0	2278.0	2122.0	2007.0	1901.0	1746.0	1681.0	1600.5	1453.0	1314.0	1244.5	1144.0	1018.5	908.5	783.5	686.0	563.0	472.0	419.0	333.5	247.0	187.0	142.5	98.5	69.0	49.5	34.5	24.5	13.5	7.5	5.5	4.0	4.0	4.5	2.0	2.0	3.0	2.0	1.5	0.5	0.5	2.0	1.5	0.0	0.5	1.0	1.0	1.0	1.0	1.5	2.0	2.0	2.5	2.5	26.0
BP474_449_RCT_M048_SV3_1_R1_subset	1.0	1.5	2.5	2.5	3.5	6.0	4.5	4.0	4.5	7.5	12.5	11.0	13.0	21.0	21.5	31.0	55.5	83.0	119.5	178.5	242.0	337.5	480.0	653.0	840.0	1050.5	1269.0	1515.5	1783.5	2051.5	2374.5	2607.0	2780.5	3044.5	3299.5	3575.5	3785.0	3892.0	4043.5	4146.0	4050.5	3882.0	3724.0	3610.0	3504.0	3284.0	3104.5	2971.0	2874.5	2688.0	2460.5	2315.5	2107.5	1898.0	1769.0	1688.0	1549.0	1387.5	1252.5	1097.5	949.0	790.5	637.5	501.0	406.0	351.0	287.5	235.0	195.0	152.0	119.5	97.5	76.5	63.5	59.5	50.0	37.0	31.5	23.5	21.5	22.5	14.5	10.5	10.0	7.0	8.0	7.0	4.5	3.5	2.0	1.5	1.5	2.0	1.5	0.5	0.5	0.0	0.5	0.5	0.0	0.0
BP474_449_RCT_M048_SV3_1_R2_subset	1.0	0.5	1.5	2.5	2.0	3.0	7.5	9.0	8.5	10.5	14.0	19.5	19.5	25.0	36.0	49.5	63.0	79.5	112.5	170.5	263.0	360.0	486.5	662.0	825.0	1011.5	1266.5	1500.0	1728.5	2009.5	2343.5	2637.5	2842.5	3084.5	3268.0	3481.5	3807.0	3940.5	3984.0	4109.5	4063.5	3887.5	3753.0	3546.0	3352.5	3195.0	3012.0	2902.5	2817.0	2655.0	2400.0	2228.5	2120.0	1946.0	1795.0	1693.0	1557.0	1385.0	1255.5	1104.0	914.0	746.0	600.5	475.5	394.5	343.0	285.0	230.5	188.5	146.5	120.5	102.5	81.0	62.0	52.0	50.0	36.5	34.5	36.5	25.0	23.0	21.5	12.5	11.0	11.0	8.0	6.0	3.0	3.5	3.5	2.0	2.5	2.0	1.0	1.0	1.0	1.0	0.5	1.5	3.0	22.5
BP484_459_RCT_M061_SV3_1_R1_subset	1.0	1.5	2.0	1.5	1.0	0.5	1.0	3.5	4.5	7.0	8.0	5.5	9.0	13.5	17.0	25.0	33.5	46.0	73.0	109.5	156.5	230.5	324.0	430.5	566.0	708.0	854.5	1008.0	1183.5	1380.5	1564.5	1739.0	1908.0	2027.5	2152.5	2327.0	2408.5	2446.0	2516.5	2551.5	2472.0	2432.0	2350.0	2128.5	1989.5	1892.0	1838.5	1779.5	1700.5	1661.5	1545.5	1434.0	1347.0	1236.5	1139.5	1055.5	995.0	935.5	835.5	737.0	643.0	518.5	427.0	358.5	286.5	241.0	209.0	159.0	124.5	96.5	80.5	72.0	59.5	47.5	31.0	23.5	19.5	18.5	20.0	12.5	8.5	9.5	9.5	8.0	7.0	6.0	3.5	1.5	1.0	2.0	2.0	0.5	0.5	0.5	0.0	0.0	0.0	0.0	0.0	0.0	0.0
BP484_459_RCT_M061_SV3_1_R2_subset	0.0	0.0	1.0	1.0	0.5	1.5	3.5	6.5	8.0	5.5	5.5	8.5	9.5	14.5	19.5	23.5	36.0	64.0	85.5	110.0	169.0	242.5	336.0	435.0	554.0	680.0	799.5	983.0	1194.5	1363.0	1521.0	1718.0	1885.5	2006.5	2205.0	2347.0	2437.5	2527.5	2580.5	2599.5	2516.0	2431.5	2311.5	2197.5	2115.5	1990.5	1876.5	1733.0	1667.0	1623.0	1463.0	1386.5	1359.0	1236.5	1106.0	1021.0	937.0	864.0	797.0	707.0	617.5	497.5	394.0	340.5	270.0	220.0	188.0	160.0	131.5	101.0	82.5	64.0	48.5	38.0	38.0	31.5	22.5	21.0	16.5	15.0	14.5	12.5	9.5	6.5	5.5	5.5	2.5	1.0	1.5	2.5	2.5	1.0	0.5	1.0	1.0	1.0	1.0	0.5	0.0	1.5	21.5
BP494_469_RCT_M077_SV3_1_R1_subset	0.0	0.0	0.0	0.0	0.0	0.0	0.0	0.0	0.0	0.0	0.5	0.5	0.5	1.5	1.5	3.0	6.0	9.0	11.0	15.5	19.5	24.0	42.0	63.5	71.0	71.0	86.5	112.5	118.0	133.0	158.0	180.0	184.5	198.0	221.5	220.5	221.5	223.0	223.0	223.5	242.5	240.5	228.0	260.0	293.0	306.5	340.5	428.0	510.5	589.0	708.0	819.5	1007.5	1278.0	1584.5	1900.5	2190.0	2522.5	2860.0	3131.0	3245.5	3344.5	3388.0	3295.5	3085.0	2799.5	2497.5	2091.0	1727.0	1405.5	1051.5	781.0	579.0	384.5	254.5	178.5	116.5	64.0	36.0	22.5	14.5	8.0	6.0	3.5	2.5	2.5	1.5	0.0	0.0	1.0	1.0	0.0	0.0	0.0	0.0	0.0	0.5	0.5	0.0	0.0	0.0
BP494_469_RCT_M077_SV3_1_R2_subset	0.0	0.0	0.0	0.0	0.5	0.5	0.5	0.5	0.5	2.0	1.5	0.0	1.0	2.0	1.5	3.5	4.0	8.5	14.5	21.5	24.5	27.0	37.5	51.0	68.5	80.5	88.0	105.5	124.0	140.0	159.0	178.5	186.5	179.5	208.5	225.5	214.0	230.5	248.0	233.0	222.5	233.0	250.5	273.5	295.5	329.0	377.5	448.5	534.0	651.0	745.5	852.5	1043.0	1304.5	1613.5	1917.0	2285.0	2563.5	2835.5	3115.0	3311.0	3399.0	3292.0	3189.5	3042.5	2798.5	2422.5	2009.5	1711.5	1374.5	992.5	716.5	530.0	369.5	243.0	159.5	99.5	57.5	40.0	25.0	10.5	7.0	5.5	4.5	2.5	1.5	1.5	0.5	0.5	0.5	0.0	0.0	0.0	0.0	0.5	0.5	0.0	0.0	0.0	0.5	15.5
BP495_470_RCT_M079_SV3_1_R1_subset	1.0	0.5	0.0	0.5	0.5	0.0	1.0	1.0	1.0	1.5	1.5	2.5	7.0	15.5	19.5	38.0	53.5	62.5	95.5	139.0	189.5	259.0	330.5	438.0	547.0	637.5	753.0	890.0	1053.5	1200.5	1322.5	1418.5	1489.5	1577.0	1673.0	1689.0	1704.5	1774.5	1829.5	1796.0	1709.5	1691.0	1667.0	1598.5	1499.5	1381.5	1312.5	1237.0	1141.5	1031.0	926.5	870.0	789.0	722.0	705.0	700.5	709.0	674.5	650.5	640.0	599.0	601.5	574.5	522.5	506.0	453.0	401.0	370.5	300.0	227.5	171.5	129.5	95.0	70.5	52.0	28.5	23.0	15.5	7.5	8.0	4.5	3.5	2.0	2.0	1.0	0.0	0.0	0.0	0.0	0.0	0.5	0.5	0.0	0.0	0.0	0.0	0.0	0.0	0.0	0.0	0.0
BP495_470_RCT_M079_SV3_1_R2_subset	1.0	1.0	0.5	0.0	0.0	1.0	2.0	2.0	3.0	3.5	5.5	9.0	11.5	11.0	27.0	38.5	40.0	74.0	104.5	121.0	174.0	254.5	328.5	441.0	559.0	654.5	779.0	915.0	1030.5	1161.5	1276.0	1382.0	1493.0	1567.0	1630.0	1698.0	1713.0	1727.0	1770.5	1765.0	1745.0	1700.0	1651.0	1574.5	1440.5	1370.0	1342.0	1249.0	1144.0	1047.0	965.0	908.0	850.0	767.0	720.0	697.5	654.5	652.0	649.0	614.5	593.5	618.0	582.5	516.5	496.5	439.5	374.5	339.5	294.0	232.5	173.5	146.5	124.0	82.5	49.5	27.5	19.5	15.0	9.0	4.5	6.0	5.0	2.0	1.5	2.0	1.0	0.0	0.5	0.5	0.0	0.5	0.5	0.5	0.5	0.5	0.5	0.5	0.5	0.0	0.5	16.0
BP496_471_RCT_M080_SV3_1_R1_subset	0.0	0.0	0.0	0.5	0.5	0.0	0.0	0.0	0.5	3.5	10.5	17.5	20.5	31.0	56.0	89.5	141.0	199.0	272.0	369.5	485.5	659.0	880.5	1093.0	1353.5	1642.5	1952.5	2332.0	2645.5	2911.0	3195.0	3448.5	3593.0	3766.0	3969.5	4031.0	4033.5	3982.0	3847.5	3745.5	3668.5	3433.5	3198.5	3082.0	2836.5	2633.5	2501.5	2297.0	2144.5	2025.5	1889.0	1725.5	1634.0	1547.5	1418.0	1279.5	1157.5	1074.5	964.5	848.5	729.5	635.0	569.5	472.0	398.0	350.5	279.0	222.0	178.0	138.0	108.0	75.5	51.0	36.0	22.5	16.5	16.0	12.5	8.5	5.0	4.0	3.5	1.5	1.0	1.0	1.0	0.5	0.5	0.5	0.5	0.5	0.0	0.0	0.0	0.0	0.0	0.0	0.0	0.0	0.0	0.0
BP496_471_RCT_M080_SV3_1_R2_subset	0.0	1.5	1.5	0.5	2.0	2.5	1.5	2.0	5.5	8.0	10.5	15.0	30.0	47.5	63.0	84.0	125.5	195.5	269.5	371.0	491.5	655.5	858.5	1076.0	1341.5	1629.5	1913.5	2256.5	2594.5	2908.0	3267.5	3520.0	3634.5	3823.5	4022.5	4052.5	3981.5	3913.0	3833.0	3683.5	3508.0	3340.5	3164.0	2991.0	2812.0	2620.0	2454.5	2322.0	2151.5	1987.0	1877.5	1780.5	1661.5	1584.0	1477.5	1308.0	1167.0	1052.5	965.5	859.0	747.5	614.0	523.0	446.5	380.5	323.5	253.0	213.5	171.5	126.5	95.0	70.5	54.5	42.0	31.0	22.0	12.5	11.5	8.0	5.0	3.5	2.0	1.5	1.5	1.0	1.5	2.5	1.5	0.0	0.0	0.5	1.0	0.5	0.0	0.0	0.5	1.5	1.5	1.5	3.5	24.5
BP507_482_RECT_M042_SV4_1_R1_subset	0.0	0.0	1.0	1.0	0.5	0.5	1.0	2.5	3.5	6.5	9.5	9.5	17.5	30.0	37.5	54.0	77.5	110.5	161.0	233.5	311.0	410.0	537.5	706.5	944.0	1153.0	1376.5	1637.0	1902.5	2154.5	2350.0	2626.5	2888.5	3027.5	3153.0	3280.0	3422.0	3545.0	3581.0	3546.5	3470.5	3411.0	3336.0	3217.5	3107.0	2976.0	2914.5	2868.5	2752.0	2643.5	2574.0	2477.5	2375.5	2175.5	1944.0	1858.0	1711.0	1575.5	1454.0	1285.5	1166.0	1034.5	874.0	747.0	642.0	517.5	399.0	331.5	286.5	208.0	145.0	115.0	89.0	66.0	48.5	33.0	22.0	16.5	11.0	8.0	7.0	7.5	6.0	4.5	4.0	3.0	1.5	0.5	0.5	0.0	0.0	0.0	0.0	0.0	1.0	1.0	0.0	0.0	0.0	0.0	0.5
BP507_482_RECT_M042_SV4_1_R2_subset	0.0	0.5	0.5	0.0	1.5	3.5	4.5	5.0	7.0	9.0	9.0	11.5	19.0	27.0	33.5	49.5	83.0	121.5	164.0	229.5	319.0	397.5	514.5	691.5	891.5	1086.0	1339.0	1656.0	1951.0	2160.5	2336.5	2600.5	2842.0	3009.5	3197.0	3325.0	3437.0	3585.0	3629.5	3532.5	3474.0	3455.0	3376.0	3250.5	3122.0	3050.5	2916.0	2809.5	2747.5	2644.0	2579.5	2454.5	2251.0	2140.5	2028.0	1875.5	1710.0	1560.5	1425.5	1226.5	1069.0	963.0	863.0	736.0	603.0	502.5	416.0	347.0	273.5	207.0	161.0	126.5	85.5	47.0	38.0	28.0	17.0	18.0	14.0	11.0	8.0	4.5	5.0	4.0	3.0	3.5	2.0	2.0	2.0	0.5	1.5	2.0	1.0	1.0	1.0	1.0	0.5	0.5	0.5	1.0	27.0
BP513_488_RCT_M054_SV4_1_R1_subset	0.0	0.0	0.0	0.0	0.0	0.0	0.0	3.0	4.5	3.5	9.5	18.5	24.0	26.0	44.5	72.0	106.0	142.5	205.0	294.5	373.5	470.0	612.0	787.0	1015.0	1251.5	1513.0	1747.5	1928.5	2173.0	2333.5	2440.5	2540.0	2616.0	2740.5	2837.0	2807.0	2852.5	2918.0	2841.0	2795.0	2754.0	2722.5	2743.5	2755.0	2754.0	2806.0	2788.5	2788.0	2785.0	2794.5	2791.0	2689.0	2625.0	2532.0	2425.0	2278.5	2100.5	1897.0	1681.5	1541.0	1392.0	1163.5	953.5	805.5	672.5	565.5	479.0	375.5	283.5	221.5	168.0	108.0	71.0	53.0	36.5	22.0	14.5	13.0	9.5	6.0	4.0	2.0	0.5	0.5	0.5	0.5	0.5	0.5	1.0	0.5	0.0	0.0	0.0	0.0	0.0	0.0	0.0	0.0	0.0	0.0
BP513_488_RCT_M054_SV4_1_R2_subset	0.0	0.0	0.5	1.5	1.0	1.0	2.5	5.0	6.0	7.5	14.0	16.0	20.0	36.0	61.0	85.5	104.0	131.5	185.0	279.0	376.5	503.5	634.5	760.0	961.0	1184.0	1421.5	1651.0	1904.5	2131.0	2327.0	2513.0	2660.0	2748.5	2750.5	2825.5	2904.0	2876.5	2876.5	2875.5	2838.0	2825.0	2829.5	2832.0	2791.0	2742.5	2745.0	2782.5	2768.5	2788.5	2789.0	2733.5	2695.0	2595.5	2502.5	2347.5	2170.0	2008.0	1833.0	1686.5	1503.5	1285.0	1094.5	971.0	822.0	649.5	550.5	487.5	399.0	306.0	223.5	161.0	119.5	82.5	56.0	36.5	19.0	13.0	10.0	7.0	5.5	3.0	1.5	2.0	1.0	0.0	0.5	0.5	0.5	0.5	0.0	0.0	0.5	0.5	0.0	0.0	0.0	0.0	1.0	2.0	20.5
BP537_512_RCT_M058_SV5_1_R1_subset	0.0	0.0	0.0	0.0	1.0	1.0	0.0	0.0	1.5	3.0	5.0	8.0	13.0	20.0	35.5	50.5	69.0	121.0	163.5	231.0	327.5	433.0	582.0	702.0	874.5	1122.0	1347.0	1650.5	2010.0	2243.5	2457.5	2710.0	2955.5	3058.5	3141.5	3286.5	3354.5	3353.0	3332.5	3350.0	3295.5	3172.5	3038.0	2888.0	2774.5	2710.0	2596.5	2472.5	2402.0	2310.5	2247.5	2209.5	2194.5	2156.0	2101.0	1978.0	1845.0	1862.0	1767.0	1583.5	1458.5	1340.0	1186.0	1041.0	933.0	839.0	718.0	558.5	438.5	359.0	269.0	202.5	156.0	107.0	67.0	52.5	41.0	24.0	16.0	9.0	5.5	4.0	1.5	0.0	1.0	1.0	0.0	0.0	0.0	0.0	0.0	0.0	0.0	0.0	0.0	0.0	0.0	0.0	0.0	0.0	0.0
BP537_512_RCT_M058_SV5_1_R2_subset	0.0	0.5	0.5	1.0	2.0	1.5	2.5	2.5	2.0	4.5	7.5	13.5	19.0	29.0	41.5	55.0	71.5	115.0	159.0	219.5	330.5	451.0	576.0	730.5	892.0	1110.0	1338.0	1594.0	1887.5	2174.0	2474.0	2725.5	2948.0	3113.5	3209.5	3280.0	3409.5	3481.0	3408.0	3355.0	3279.0	3135.0	3010.5	2925.5	2799.5	2702.0	2606.0	2463.0	2364.5	2322.5	2310.0	2255.5	2179.5	2114.5	2058.0	1969.5	1867.5	1707.0	1600.0	1519.0	1335.0	1236.5	1157.5	1034.0	932.5	808.0	668.0	543.0	443.0	367.0	300.0	215.5	144.0	99.0	78.0	60.5	38.0	26.5	17.5	10.0	4.5	1.0	0.5	0.5	0.0	0.0	0.0	0.0	0.0	0.0	0.0	0.5	0.5	0.0	0.0	0.0	0.5	1.5	2.0	2.0	25.5
BP542_516_RCT_M074_SV5_1_R1_subset	0.0	0.0	0.0	0.0	0.0	0.0	0.0	0.5	1.0	1.5	1.5	3.5	9.5	15.0	29.0	43.0	54.0	77.5	117.5	169.0	216.5	281.0	371.5	482.0	623.5	775.5	961.5	1148.5	1295.0	1485.5	1683.5	1875.0	2046.0	2192.0	2394.5	2583.5	2604.0	2739.0	2879.0	2868.5	2960.0	2984.0	2980.0	3073.0	3131.5	3140.0	3101.5	3067.0	3069.0	3081.0	3053.0	2967.0	2953.0	2842.5	2715.5	2664.0	2538.0	2358.0	2173.0	1990.0	1854.5	1700.5	1443.0	1230.5	1065.5	879.0	735.5	623.0	481.0	386.5	323.5	220.0	145.5	110.5	77.0	54.0	39.5	29.0	17.5	12.0	10.0	4.0	4.0	3.0	1.0	0.5	0.5	1.0	1.5	1.0	0.0	0.0	0.5	0.5	0.0	0.0	0.0	0.0	0.0	0.5	1.0
BP542_516_RCT_M074_SV5_1_R2_subset	0.0	0.5	0.5	0.0	0.0	0.0	0.5	1.5	1.5	0.5	1.0	3.0	11.0	19.5	23.0	33.0	61.5	86.0	109.5	159.0	221.5	292.5	392.0	517.5	639.5	755.5	926.0	1101.0	1302.5	1531.0	1689.0	1902.0	2090.5	2228.0	2420.5	2557.0	2668.0	2765.0	2822.5	2856.5	2873.5	2949.0	3023.0	3091.0	3163.0	3116.5	3084.5	3105.5	3107.5	3063.0	3020.5	2960.0	2895.0	2832.5	2683.0	2575.0	2512.0	2324.0	2091.5	1964.0	1787.5	1605.5	1412.0	1194.5	1051.0	962.5	816.5	626.5	486.5	365.0	275.0	209.0	155.0	113.5	81.5	61.0	45.0	27.5	15.0	9.5	8.5	6.0	3.5	2.5	1.5	0.5	1.0	0.5	0.5	1.0	1.0	1.0	0.5	0.0	0.0	0.5	1.0	0.5	0.5	1.0	23.0
BP543_517_RCT_M077_SV5_1_R1_subset	0.0	0.0	0.0	0.0	0.0	0.0	0.0	0.0	0.0	0.0	0.5	4.0	6.5	8.0	12.0	20.5	30.5	36.0	54.0	74.5	99.0	133.5	174.5	224.5	273.5	336.5	405.0	486.5	563.5	608.5	671.5	745.0	790.0	824.0	870.0	869.5	847.0	850.0	816.5	776.5	754.5	730.5	735.0	756.5	780.0	823.5	906.5	1052.5	1196.0	1401.0	1654.5	1918.0	2260.0	2732.0	3203.0	3631.0	4126.0	4614.0	5076.0	5358.5	5457.0	5464.0	5261.0	4960.5	4581.5	4039.0	3457.0	2862.0	2248.5	1692.0	1279.5	958.5	657.5	436.5	303.5	204.5	126.0	75.5	40.5	19.5	17.0	10.5	4.0	2.5	2.0	1.0	0.5	1.0	1.0	0.5	0.5	0.0	0.0	0.5	1.0	1.0	0.5	0.0	0.0	0.0	0.0
BP543_517_RCT_M077_SV5_1_R2_subset	0.0	0.0	0.0	0.0	0.0	0.0	0.5	0.5	1.0	1.5	2.5	5.0	5.5	10.5	13.0	14.0	22.0	42.5	59.5	78.5	103.5	137.0	184.5	219.5	272.0	331.5	375.5	456.0	545.0	595.5	674.0	775.0	802.5	829.5	880.0	879.5	879.0	866.0	798.5	777.0	797.0	796.5	802.0	801.5	790.5	853.0	940.0	1033.0	1203.5	1417.0	1719.0	2099.5	2487.5	2886.0	3342.5	3777.5	4229.0	4618.0	4919.5	5210.5	5343.5	5321.5	5194.5	4885.5	4349.0	3879.5	3416.5	2759.0	2162.5	1691.5	1271.5	911.5	642.0	449.0	293.5	188.0	119.5	71.0	46.0	27.0	12.5	8.5	4.0	2.5	2.0	1.0	2.0	1.5	2.0	1.5	0.5	0.5	0.0	0.0	0.0	1.0	2.0	1.0	0.5	0.5	23.5
